District Code	Mean Scale Score	Percentage Advanced	Percentage Proficient	Percentage Basic	Percentage Below Basic	Percentage Far Below Basic
0	359.3	25	32	24	11	8
0	385.7	37	30	18	12	3
0	350.2	22	29	26	15	8
0	399.1	42	27	17	11	2
0	375.3	39	28	21	8	4
0	390.0	43	27	19	10	1
0	365.1	23	34	27	10	7
0	366.9	30	31	25	8	5
0	389.1	31	32	19	13	5
0	362.6	27	34	26	9	4
0	365.5	25	30	24	16	5
0	362.5	27	34	25	9	6
0	355.5	20	30	29	15	5
0	442.7	56	34	7	2	1
0	*	*	*	*	*	*
0	429.3	54	38	7	2	0
0	418.2	47	28	13	8	4
0	323.9	6	26	32	26	11
0	347.3	23	23	29	13	12
0	371.7	34	24	18	13	11
0	357.0	27	27	28	11	7
0	359.8	17	36	24	17	5
0	*	*	*	*	*	*
0	344.7	14	31	28	22	5
0	*	*	*	*	*	*
0	384.1	32	33	22	10	3
0	463.7	70	20	6	3	1
0	350.3	25	26	22	10	17
0	364.1	29	29	30	7	5
0	351.4	31	18	19	14	17
0	323.6	7	21	40	16	16
0	332.2	12	21	40	16	11
0	317.8	3	20	46	16	16
0	*	*	*	*	*	*
0	300.3	3	15	27	35	22
0	357.7	27	29	25	13	6
0	319.0	4	24	29	30	13
0	299.0	1	13	32	42	13
0	295.4	2	12	26	45	15
0	272.2	0	0	22	40	38
0	330.7	9	27	30	23	10
0	277.0	0	0	42	25	33
0	391.6	31	41	18	9	1
0	337.4	18	24	26	14	19
0	335.3	14	21	38	15	12
0	344.3	16	28	37	13	7
0	331.0	10	25	37	13	15
0	344.4	19	24	35	13	9
0	295.6	0	6	39	24	30
0	295.7	0	1	43	36	20
0	*	*	*	*	*	*
0	250.6	0	0	0	4	96
0	345.5	22	24	28	14	13
0	343.4	21	26	29	13	11
0	292.1	1	11	25	42	22
0	285.0	1	8	23	44	24
0	272.5	0	4	16	54	26
0	268.3	0	3	3	50	44
0	290.8	1	11	27	36	25
0	268.7	3	0	16	38	43
0	343.6	13	30	27	24	6
0	274.6	5	8	16	16	55
0	343.1	22	25	23	11	19
0	350.5	24	22	30	13	11
0	321.1	8	17	37	20	18
0	325.9	8	22	39	15	16
0	353.9	24	27	31	10	7
0	292.5	1	3	37	27	33
0	314.2	5	17	39	21	19
0	286.0	0	3	31	26	41
0	336.4	20	24	24	18	15
0	280.5	1	6	18	46	30
0	287.8	1	9	25	44	22
0	314.3	8	19	24	37	13
0	274.0	0	2	18	43	37
0	316.5	7	20	28	28	16
0	270.1	3	0	20	36	41
0	350.6	16	32	25	22	5
0	336.2	18	23	25	13	20
0	348.9	21	24	33	11	9
0	332.3	12	22	37	16	13
0	325.6	8	22	39	15	16
0	343.7	19	24	35	13	9
0	306.8	2	13	42	20	23
0	300.1	1	5	41	32	20
0	285.8	0	2	30	24	43
0	250.6	0	0	0	4	96
0	317.8	5	23	31	28	13
0	333.7	11	26	25	27	12
0	319.7	8	26	26	33	7
0	305.8	11	16	25	34	14
0	322.8	14	21	23	28	14
0	321.2	10	25	25	30	9
0	325.9	11	26	24	31	8
0	326.0	16	22	27	30	5
0	338.5	15	29	32	18	6
0	38.7	0	0	0	0	0
0	39.2	0	0	0	0	0
0	38.8	0	0	0	0	0
0	38.5	0	0	0	0	0
0	38.5	0	0	0	0	0
0	34.2	0	0	0	0	0
0	37.7	0	0	0	0	0
0	36.2	0	0	0	0	0
0	35.6	0	0	0	0	0
0	37.6	0	0	0	0	0
0	34.6	0	0	0	0	0
0	36.0	0	0	0	0	0
0	35.4	0	0	0	0	0
0	35.7	0	0	0	0	0
0	368.3	23	36	25	15	1
0	344.3	23	25	32	18	3
0	350.6	22	29	30	17	3
0	374.9	26	35	22	15	1
0	377.6	27	35	22	13	2
0	342.6	22	26	30	15	6
0	353.5	22	32	24	13	9
0	387.0	38	29	17	12	4
0	346.2	20	28	26	15	10
0	402.1	44	27	16	11	3
0	370.6	36	28	23	8	5
0	391.7	45	26	18	10	2
0	367.4	25	33	25	10	7
0	360.9	27	31	27	9	6
0	390.7	33	30	18	13	5
0	358.0	25	33	27	11	5
0	367.3	26	30	24	15	5
0	356.6	24	33	26	11	7
0	356.6	21	30	28	15	6
0	444.5	57	34	6	2	1
0	*	*	*	*	*	*
0	430.6	55	37	6	2	0
0	408.8	39	33	15	6	6
0	322.5	6	25	31	26	12
0	349.3	26	22	25	12	14
0	377.4	38	23	15	12	12
0	350.2	24	26	28	13	9
0	359.1	18	35	24	18	6
0	*	*	*	*	*	*
0	347.5	15	32	26	21	5
0	*	*	*	*	*	*
0	389.4	34	35	20	7	3
0	467.8	71	21	2	2	2
0	355.2	29	24	19	10	18
0	366.3	31	28	27	7	6
0	353.4	34	18	16	14	18
0	327.2	9	23	36	14	17
0	336.3	15	21	39	15	10
0	319.7	3	22	43	14	18
0	*	*	*	*	*	*
0	299.5	3	15	25	34	23
0	351.7	25	27	25	15	8
0	317.4	4	23	29	30	14
0	302.8	1	17	32	38	12
0	296.2	2	13	26	44	15
0	274.1	0	0	23	47	30
0	334.9	11	29	29	21	10
0	*	*	*	*	*	*
0	400.7	35	42	14	8	2
0	345.1	23	24	22	11	19
0	334.8	15	21	34	15	15
0	351.3	20	29	33	11	7
0	334.2	13	25	33	12	16
0	351.6	24	25	32	12	8
0	297.5	0	9	39	20	31
0	295.6	0	2	42	34	22
0	*	*	*	*	*	*
0	248.8	0	0	0	0	100
0	347.1	24	23	25	13	15
0	337.0	19	24	28	14	14
0	290.7	1	11	23	42	23
0	286.2	1	9	21	45	24
0	272.4	1	4	17	50	28
0	269.6	0	6	0	44	50
0	291.5	2	12	26	34	27
0	271.8	4	0	22	30	44
0	352.9	17	32	25	21	5
0	277.5	7	10	15	12	57
0	346.3	26	23	20	10	21
0	347.8	25	20	27	14	14
0	325.4	11	19	35	18	18
0	329.4	10	24	34	13	17
0	362.3	30	27	27	9	7
0	293.9	1	2	40	25	32
0	306.1	4	12	38	22	24
0	285.7	0	4	29	25	43
0	328.5	17	22	23	19	19
0	278.3	1	6	16	45	32
0	289.7	1	11	24	43	22
0	314.9	9	19	23	35	14
0	277.8	0	3	21	43	33
0	319.2	8	22	27	26	17
0	273.9	3	0	28	28	41
0	360.5	20	33	23	19	5
0	343.1	23	23	22	11	21
0	348.5	23	23	30	12	11
0	337.8	15	23	34	15	13
0	329.2	10	24	35	14	17
0	350.8	24	24	32	12	8
0	308.5	2	14	41	18	24
0	297.6	1	4	40	32	22
0	287.6	0	3	31	25	41
0	248.8	0	0	0	0	100
0	316.1	5	22	29	28	15
0	331.6	11	25	24	27	13
0	304.8	11	16	24	34	15
0	321.4	9	26	25	32	7
0	323.7	12	25	25	28	10
0	320.5	13	20	23	29	15
0	323.3	17	19	27	31	6
0	340.9	17	30	29	17	6
0	324.4	11	25	24	32	8
0	34.9	0	0	0	0	0
0	36.5	0	0	0	0	0
0	35.8	0	0	0	0	0
0	36.2	0	0	0	0	0
0	34.3	0	0	0	0	0
0	37.9	0	0	0	0	0
0	36.4	0	0	0	0	0
0	36.3	0	0	0	0	0
0	38.1	0	0	0	0	0
0	38.8	0	0	0	0	0
0	39.3	0	0	0	0	0
0	38.8	0	0	0	0	0
0	38.5	0	0	0	0	0
0	38.7	0	0	0	0	0
0	337.8	18	23	36	20	3
0	368.2	24	35	26	14	0
0	376.2	27	34	21	16	2
0	343.0	18	26	32	20	3
0	332.7	18	22	32	18	10
0	379.1	28	32	24	13	2
0	365.5	28	33	23	10	6
0	384.3	36	31	19	12	2
0	354.3	24	29	26	14	7
0	396.1	41	27	18	12	2
0	380.1	41	29	20	7	3
0	388.3	42	28	20	9	1
0	362.8	21	35	29	10	6
0	373.2	34	32	24	6	4
0	387.6	30	33	20	13	4
0	367.3	30	35	25	8	3
0	363.7	24	30	25	16	4
0	368.5	29	35	24	8	4
0	354.4	19	30	31	15	5
0	440.7	55	35	7	3	1
0	*	*	*	*	*	*
0	427.7	52	38	8	2	0
0	433.5	60	20	10	10	0
0	325.4	6	26	34	25	9
0	345.3	20	25	32	13	10
0	365.8	31	26	20	14	9
0	364.0	30	29	28	9	4
0	360.6	17	37	25	16	5
0	*	*	*	*	*	*
0	342.2	13	30	29	23	5
0	*	*	*	*	*	*
0	378.6	30	31	24	12	3
0	457.5	68	18	11	4	0
0	345.8	22	27	25	11	15
0	362.1	27	30	32	7	4
0	349.0	27	19	23	14	17
0	319.4	4	18	44	18	16
0	328.0	10	21	40	18	11
0	315.6	2	17	49	17	15
0	*	*	*	*	*	*
0	301.5	2	15	28	35	19
0	364.2	29	31	25	11	4
0	320.7	4	25	30	30	11
0	294.5	1	9	31	46	13
0	294.6	1	12	27	47	14
0	269.6	0	0	20	30	50
0	327.1	8	26	31	25	10
0	*	*	*	*	*	*
0	381.3	26	40	22	10	1
0	329.3	13	23	29	16	19
0	335.7	12	22	42	14	10
0	338.0	11	27	40	14	8
0	327.1	6	24	42	15	13
0	336.6	14	24	38	13	11
0	293.3	0	4	39	29	28
0	295.9	0	0	45	38	17
0	*	*	*	*	*	*
0	*	*	*	*	*	*
0	343.9	19	25	31	14	11
0	350.2	23	28	30	11	8
0	293.8	1	10	27	41	21
0	283.9	0	7	25	43	24
0	272.7	0	4	15	58	23
0	267.1	0	0	6	56	39
0	290.2	1	10	27	39	23
0	266.4	3	0	11	44	42
0	334.7	10	29	28	26	6
0	270.8	4	6	18	21	52
0	339.7	18	27	26	13	17
0	353.1	23	25	33	11	8
0	317.1	5	16	39	22	17
0	322.0	5	19	44	17	14
0	343.2	16	27	38	11	8
0	290.6	0	5	33	28	33
0	322.2	6	22	39	20	14
0	286.6	0	0	36	27	36
0	344.9	22	26	25	17	10
0	283.2	1	7	20	47	26
0	285.9	1	7	26	44	22
0	313.8	7	18	24	38	12
0	269.0	0	0	14	43	43
0	314.0	6	19	29	31	15
0	267.2	2	0	14	42	42
0	341.0	12	30	28	24	6
0	328.9	13	23	28	15	20
0	349.2	20	25	37	11	7
0	327.2	8	21	40	18	13
0	321.5	4	20	44	17	15
0	335.6	13	24	39	15	10
0	304.9	1	11	43	23	22
0	303.7	2	7	42	33	16
0	281.7	0	0	29	21	50
0	*	*	*	*	*	*
0	319.9	5	23	33	28	11
0	335.9	11	27	26	26	10
0	317.0	6	25	29	35	6
0	308.5	10	18	27	34	11
0	316.5	7	26	25	34	8
0	327.3	15	23	24	26	13
0	328.6	11	28	25	28	7
0	331.3	15	27	27	27	3
0	333.9	11	27	38	20	4
0	38.5	0	0	0	0	0
0	38.8	0	0	0	0	0
0	38.9	0	0	0	0	0
0	38.3	0	0	0	0	0
0	38.2	0	0	0	0	0
0	34.0	0	0	0	0	0
0	37.2	0	0	0	0	0
0	35.8	0	0	0	0	0
0	34.5	0	0	0	0	0
0	36.7	0	0	0	0	0
0	34.5	0	0	0	0	0
0	35.1	0	0	0	0	0
0	34.9	0	0	0	0	0
0	34.9	0	0	0	0	0
0	368.3	23	37	24	15	1
0	350.9	28	27	27	15	3
0	358.5	27	31	27	13	2
0	373.9	24	37	23	15	1
0	375.8	26	39	20	13	2
0	353.2	27	30	28	12	2
0	375.9	33	35	20	7	5
0	402.3	45	30	14	8	2
0	369.0	30	34	23	9	4
0	418.0	51	26	14	8	1
0	392.6	51	28	15	4	2
0	405.4	52	26	15	6	1
0	382.3	30	39	22	6	3
0	382.4	40	35	19	4	2
0	407.9	38	33	16	10	3
0	375.8	34	38	21	5	2
0	380.5	31	34	22	11	3
0	377.2	33	39	21	5	2
0	368.4	24	35	28	11	3
0	444.3	57	34	6	2	1
0	*	*	*	*	*	*
0	429.0	53	38	7	2	0
0	419.4	48	27	13	8	4
0	333.9	8	31	33	21	8
0	360.1	28	27	29	9	7
0	389.2	40	26	17	10	6
0	369.5	32	32	26	7	3
0	365.8	19	38	25	15	4
0	*	*	*	*	*	*
0	349.5	15	33	28	20	4
0	*	*	*	*	*	*
0	386.5	33	34	22	9	3
0	465.6	71	20	4	3	1
0	361.0	29	28	23	9	11
0	369.6	32	31	29	5	3
0	362.3	35	20	21	14	10
0	330.8	8	24	42	14	11
0	334.7	13	21	41	15	9
0	324.6	3	23	49	15	10
0	*	*	*	*	*	*
0	311.1	4	19	29	31	17
0	370.5	32	34	23	8	3
0	325.8	5	27	31	27	10
0	304.3	1	15	34	39	10
0	300.1	2	14	28	44	12
0	278.9	0	0	31	40	29
0	332.4	9	28	31	23	9
0	*	*	*	*	*	*
0	393.0	31	41	18	8	1
0	348.1	21	27	27	12	13
0	343.6	17	25	39	11	9
0	346.2	16	28	38	12	6
0	339.1	12	29	38	11	10
0	348.9	20	26	36	11	6
0	300.0	0	8	43	23	26
0	300.0	0	2	51	31	16
0	*	*	*	*	*	*
0	252.1	0	0	0	4	96
0	357.1	26	27	28	10	9
0	355.1	25	31	28	9	7
0	296.8	1	12	28	40	19
0	288.9	1	9	25	43	21
0	276.0	0	5	18	54	23
0	272.2	0	4	4	54	38
0	293.2	1	12	28	37	23
0	268.5	2	0	16	44	38
0	344.8	14	31	27	23	5
0	278.0	7	10	17	14	52
0	355.1	26	28	23	9	13
0	361.4	29	26	29	9	7
0	325.4	9	19	39	19	14
0	334.0	10	26	39	12	12
0	357.3	25	28	32	9	6
0	296.7	1	5	42	25	28
0	325.0	6	22	45	14	13
0	300.4	0	5	45	32	18
0	348.3	23	27	25	14	10
0	284.9	1	8	20	44	27
0	292.1	1	10	27	43	19
0	321.4	9	21	26	34	10
0	280.3	0	3	24	45	29
0	319.3	8	21	29	28	15
0	271.3	2	0	22	42	35
0	351.9	16	32	26	21	5
0	347.2	21	26	26	12	14
0	357.2	25	27	33	8	6
0	335.8	13	23	38	15	10
0	333.3	9	26	41	13	11
0	346.9	20	25	36	12	7
0	313.1	2	16	46	19	17
0	306.4	2	7	49	27	15
0	297.4	0	4	43	25	29
0	252.1	0	0	0	4	96
0	328.5	7	28	32	23	10
0	343.1	13	29	26	23	9
0	314.9	13	20	25	30	12
0	322.1	8	27	25	34	5
0	325.0	12	26	24	27	11
0	335.5	18	23	24	23	12
0	337.3	21	23	26	26	4
0	347.7	20	31	28	15	5
0	328.4	13	26	23	31	8
0	34.6	0	0	0	0	0
0	35.7	0	0	0	0	0
0	35.3	0	0	0	0	0
0	35.4	0	0	0	0	0
0	34.0	0	0	0	0	0
0	36.4	0	0	0	0	0
0	35.4	0	0	0	0	0
0	35.3	0	0	0	0	0
0	37.3	0	0	0	0	0
0	38.6	0	0	0	0	0
0	38.7	0	0	0	0	0
0	38.2	0	0	0	0	0
0	38.5	0	0	0	0	0
0	38.2	0	0	0	0	0
0	398.4	46	34	14	4	2
0	430.8	60	26	10	4	0
0	380.5	36	36	20	6	2
0	440.4	61	23	10	5	1
0	400.9	56	27	14	3	1
0	418.6	58	24	12	5	0
0	385.0	30	40	23	5	2
0	387.2	42	35	18	3	1
0	419.3	43	32	15	9	2
0	386.3	43	35	18	4	1
0	398.1	38	33	19	8	1
0	387.8	41	35	18	3	2
0	380.5	30	35	24	9	2
0	474.5	73	22	3	2	0
0	442.3	58	37	3	2	0
0	461.3	75	17	0	8	0
0	337.6	9	31	34	20	6
0	369.3	32	28	27	8	6
0	395.7	43	26	16	9	6
0	376.3	37	31	23	6	3
0	373.0	21	39	23	14	3
0	*	*	*	*	*	*
0	351.0	17	30	28	21	4
0	*	*	*	*	*	*
0	403.5	42	33	18	5	3
0	494.7	76	14	5	5	0
0	382.9	40	29	19	4	7
0	379.5	38	30	27	3	3
0	397.9	50	24	26	0	0
0	326.7	5	22	48	13	12
0	340.4	17	22	36	16	8
0	328.5	6	18	62	12	3
0	312.7	2	20	37	28	13
0	374.5	34	34	22	7	3
0	324.4	5	27	29	28	11
0	312.2	2	15	42	35	6
0	297.4	2	12	28	44	14
0	*	*	*	*	*	*
0	334.4	12	26	28	25	9
0	*	*	*	*	*	*
0	405.2	38	40	17	5	1
0	353.3	24	27	27	12	11
0	349.2	18	25	40	10	6
0	351.4	20	27	36	12	5
0	347.6	14	34	37	9	6
0	365.5	32	28	27	8	6
0	301.1	0	8	45	27	20
0	*	*	*	*	*	*
0	*	*	*	*	*	*
0	*	*	*	*	*	*
0	360.2	26	28	29	10	7
0	359.9	27	32	28	8	5
0	299.9	0	13	30	41	16
0	291.3	1	7	31	44	18
0	276.6	0	4	18	56	21
0	*	*	*	*	*	*
0	290.9	2	11	24	39	25
0	*	*	*	*	*	*
0	348.6	15	30	29	22	5
0	286.3	11	8	22	12	47
0	358.8	27	29	23	8	12
0	371.1	34	28	26	7	6
0	325.5	9	17	40	19	14
0	332.4	10	26	41	12	11
0	360.9	28	29	28	9	7
0	298.8	0	0	46	31	23
0	*	*	*	*	*	*
0	*	*	*	*	*	*
0	354.1	26	28	25	13	8
0	284.9	1	5	24	45	25
0	297.5	1	9	34	41	14
0	329.8	13	21	24	32	10
0	297.3	0	0	50	33	17
0	327.8	12	21	25	27	14
0	*	*	*	*	*	*
0	360.6	20	31	26	19	4
0	355.0	25	26	26	11	11
0	364.6	29	27	32	7	5
0	339.1	15	22	38	15	9
0	330.7	7	25	45	12	11
0	350.5	23	25	32	13	7
0	310.5	2	10	51	22	15
0	*	*	*	*	*	*
0	*	*	*	*	*	*
0	*	*	*	*	*	*
0	332.3	8	28	35	21	8
0	354.0	17	30	24	21	8
0	337.1	11	28	22	39	0
0	328.6	19	19	23	31	8
0	354.5	30	21	18	28	3
0	342.8	18	22	29	24	8
0	349.5	21	33	21	17	7
0	364.6	28	33	30	7	2
0	361.1	21	44	26	7	2
0	35.4	0	0	0	0	0
0	35.9	0	0	0	0	0
0	38.4	0	0	0	0	0
0	*	*	*	*	*	*
0	39.1	0	0	0	0	0
0	33.1	0	0	0	0	0
0	32.9	0	0	0	0	0
0	34.6	0	0	0	0	0
0	*	*	*	*	*	*
0	39.8	0	0	0	0	0
0	*	*	*	*	*	*
0	*	*	*	*	*	*
0	*	*	*	*	*	*
0	*	*	*	*	*	*
0	386.6	38	38	19	4	1
0	398.1	37	45	13	5	0
0	386.3	33	47	19	1	0
0	457.1	71	22	6	1	0
0	408.4	64	31	5	0	0
0	433.4	69	23	7	1	0
0	380.8	24	48	25	3	0
0	387.3	38	47	14	1	0
0	425.2	45	37	13	5	0
0	374.0	26	50	21	2	0
0	381.9	28	39	24	8	1
0	371.2	22	48	27	2	0
0	368.0	20	40	32	8	1
0	429.1	50	36	10	3	1
0	416.2	42	43	13	2	0
0	*	*	*	*	*	*
0	351.0	10	40	36	13	1
0	352.5	19	30	37	9	4
0	373.5	30	32	23	11	4
0	359.3	19	37	37	5	1
0	360.3	15	38	26	16	4
0	*	*	*	*	*	*
0	331.6	9	26	32	28	5
0	*	*	*	*	*	*
0	358.5	23	26	28	18	5
0	470.4	75	25	0	0	0
0	347.8	20	28	29	12	11
0	351.6	17	31	42	6	3
0	340.1	26	10	26	26	13
0	327.2	4	22	51	14	9
0	327.5	9	19	43	19	10
0	321.2	1	15	64	15	6
0	330.4	4	32	34	22	8
0	360.0	19	41	32	6	2
0	324.7	4	26	34	28	7
0	311.4	0	19	35	46	0
0	293.6	1	11	27	49	12
0	285.9	0	0	43	35	22
0	325.3	7	26	30	25	11
0	*	*	*	*	*	*
0	371.1	21	39	23	14	3
0	338.0	14	26	32	15	12
0	336.5	10	24	48	11	7
0	335.2	10	25	42	16	8
0	336.6	8	29	47	10	7
0	332.5	10	22	41	18	9
0	298.0	0	6	43	21	30
0	304.5	0	2	57	30	11
0	*	*	*	*	*	*
0	*	*	*	*	*	*
0	346.5	17	28	37	12	7
0	348.2	15	34	38	9	4
0	306.4	1	17	31	39	12
0	294.7	0	12	28	43	16
0	278.4	0	6	18	55	21
0	264.0	0	0	0	58	42
0	292.7	1	11	28	40	21
0	267.5	4	0	11	44	41
0	330.1	8	27	29	30	5
0	288.6	8	11	22	15	44
0	345.6	17	31	31	12	10
0	348.9	19	26	38	10	6
0	313.2	4	13	42	25	17
0	329.3	6	23	49	12	11
0	345.0	16	27	40	11	5
0	295.1	0	4	43	28	26
0	*	*	*	*	*	*
0	*	*	*	*	*	*
0	340.2	14	29	36	15	6
0	292.3	1	11	22	44	22
0	297.6	0	14	29	44	14
0	308.5	5	16	27	41	11
0	281.4	0	3	28	44	26
0	311.7	5	19	29	32	15
0	271.1	3	0	18	42	36
0	335.3	10	28	29	28	5
0	337.0	15	26	32	15	13
0	344.4	14	27	44	9	6
0	322.2	6	18	42	21	13
0	329.4	5	23	49	13	9
0	336.2	12	23	41	15	8
0	310.6	0	11	55	19	15
0	305.5	0	4	55	30	11
0	298.5	0	8	33	42	17
0	*	*	*	*	*	*
0	347.1	9	38	36	15	3
0	340.3	10	30	29	24	7
0	*	*	*	*	*	*
0	*	*	*	*	*	*
0	*	*	*	*	*	*
0	*	*	*	*	*	*
0	*	*	*	*	*	*
0	*	*	*	*	*	*
0	*	*	*	*	*	*
0	*	*	*	*	*	*
0	39.4	0	0	0	0	0
0	37.3	0	0	0	0	0
0	*	*	*	*	*	*
0	*	*	*	*	*	*
0	*	*	*	*	*	*
0	41.1	0	0	0	0	0
0	39.5	0	0	0	0	0
0	*	*	*	*	*	*
0	*	*	*	*	*	*
0	*	*	*	*	*	*
0	*	*	*	*	*	*
0	321.9	7	24	35	19	15
0	353.1	20	27	31	18	3
0	304.6	3	17	30	32	17
0	349.8	17	30	28	21	5
0	325.7	10	22	35	19	15
0	338.2	17	25	30	23	5
0	315.7	4	18	42	18	19
0	323.3	6	23	39	16	17
0	337.6	11	28	28	21	12
0	330.9	8	30	36	17	9
0	327.9	10	21	36	24	9
0	319.1	6	23	32	20	19
0	324.6	8	22	34	25	11
0	*	*	*	*	*	*
0	*	*	*	*	*	*
0	320.1	4	22	38	27	8
0	306.7	4	15	37	20	25
0	312.4	10	19	26	26	20
0	313.3	6	17	35	23	19
0	320.8	5	24	28	30	13
0	330.4	9	26	28	30	9
0	*	*	*	*	*	*
0	303.2	11	14	16	16	43
0	327.5	11	17	42	18	12
0	*	*	*	*	*	*
0	309.6	6	12	32	24	26
0	286.1	0	11	19	44	26
0	316.8	7	21	30	26	16
0	314.3	4	17	34	32	13
0	281.7	0	5	27	48	20
0	332.4	6	25	44	17	8
0	299.4	3	17	25	19	36
0	307.9	2	8	45	23	22
0	327.3	7	30	33	15	15
0	318.2	10	19	33	19	19
0	*	*	*	*	*	*
0	*	*	*	*	*	*
0	309.3	5	17	32	25	21
0	309.8	6	19	30	24	21
0	282.4	0	3	20	57	21
0	272.4	0	5	10	64	20
0	299.3	2	6	40	42	10
0	320.9	7	26	33	22	11
0	277.8	6	6	17	11	61
0	308.4	10	18	20	18	34
0	310.9	3	16	45	9	28
0	298.4	3	8	32	26	32
0	307.5	6	3	32	42	16
0	333.8	13	21	46	21	0
0	*	*	*	*	*	*
0	301.9	4	18	24	31	23
0	278.6	2	0	16	57	25
0	289.0	2	9	23	48	18
0	315.0	3	16	41	31	9
0	320.9	7	26	33	22	11
0	298.6	4	16	23	19	39
0	316.2	6	13	44	18	19
0	313.3	5	20	32	21	23
0	310.9	7	10	33	29	21
0	332.7	9	22	50	19	0
0	*	*	*	*	*	*
0	*	*	*	*	*	*
0	308.0	2	18	32	33	15
0	305.9	3	15	26	39	16
0	*	*	*	*	*	*
0	275.6	0	0	45	27	27
0	*	*	*	*	*	*
0	*	*	*	*	*	*
0	373.6	27	45	9	18	0
0	307.0	0	33	25	42	0
0	342.2	18	27	36	18	0
0	*	*	*	*	*	*
0	*	*	*	*	*	*
0	*	*	*	*	*	*
0	*	*	*	*	*	*
0	*	*	*	*	*	*
0	*	*	*	*	*	*
0	*	*	*	*	*	*
0	*	*	*	*	*	*
0	*	*	*	*	*	*
0	*	*	*	*	*	*
0	*	*	*	*	*	*
0	*	*	*	*	*	*
0	*	*	*	*	*	*
0	*	*	*	*	*	*
0	341.7	25	28	25	17	6
0	364.3	14	53	25	8	0
0	354.3	10	52	10	28	0
0	345.2	14	31	31	21	3
0	324.1	3	30	36	21	9
0	331.5	3	30	45	15	6
0	337.5	8	29	44	14	5
0	373.5	23	44	23	9	2
0	321.2	0	29	43	14	14
0	358.3	21	25	30	24	0
0	349.7	14	46	23	11	7
0	351.6	16	37	25	23	0
0	320.1	5	24	29	25	17
0	335.1	8	32	31	19	10
0	315.0	5	22	30	27	17
0	331.9	13	26	28	25	8
0	315.1	8	23	26	30	13
0	334.0	6	37	31	17	10
0	317.2	4	17	43	23	13
0	302.4	0	11	42	37	11
0	326.3	11	20	31	16	21
0	307.8	9	18	24	31	18
0	329.6	4	32	38	20	7
0	292.6	0	7	36	43	14
0	*	*	*	*	*	*
0	290.8	0	9	36	18	36
0	*	*	*	*	*	*
0	*	*	*	*	*	*
0	325.1	8	21	50	4	17
0	*	*	*	*	*	*
0	291.8	0	8	42	25	25
0	338.2	21	21	26	19	13
0	298.0	0	17	29	29	25
0	286.3	0	0	27	64	9
0	*	*	*	*	*	*
0	308.5	5	16	35	14	30
0	314.8	0	5	52	33	10
0	*	*	*	*	*	*
0	*	*	*	*	*	*
0	310.2	5	18	28	28	21
0	321.8	3	28	33	25	13
0	283.5	0	0	24	53	24
0	*	*	*	*	*	*
0	*	*	*	*	*	*
0	*	*	*	*	*	*
0	325.4	6	26	49	11	9
0	*	*	*	*	*	*
0	*	*	*	*	*	*
0	*	*	*	*	*	*
0	320.4	0	34	29	17	20
0	*	*	*	*	*	*
0	292.1	0	10	28	45	17
0	*	*	*	*	*	*
0	304.4	4	15	35	15	31
0	328.9	5	18	45	21	11
0	*	*	*	*	*	*
0	327.8	6	25	47	11	11
0	*	*	*	*	*	*
0	298.3	0	10	42	32	16
0	294.4	1	9	30	41	18
0	*	*	*	*	*	*
0	*	*	*	*	*	*
0	*	*	*	*	*	*
0	*	*	*	*	*	*
0	*	*	*	*	*	*
0	*	*	*	*	*	*
0	*	*	*	*	*	*
0	*	*	*	*	*	*
0	*	*	*	*	*	*
0	*	*	*	*	*	*
0	*	*	*	*	*	*
0	*	*	*	*	*	*
0	*	*	*	*	*	*
0	*	*	*	*	*	*
0	*	*	*	*	*	*
0	*	*	*	*	*	*
0	*	*	*	*	*	*
0	*	*	*	*	*	*
0	*	*	*	*	*	*
0	430.1	73	18	4	3	2
0	474.1	81	14	2	2	1
0	396.0	47	32	15	5	1
0	466.8	73	19	6	2	0
0	420.4	72	19	7	1	0
0	448.9	77	17	5	1	0
0	413.8	50	37	12	2	1
0	409.8	63	28	8	1	0
0	465.5	65	27	6	2	0
0	406.0	60	31	8	1	0
0	432.9	59	30	9	2	0
0	412.6	63	29	7	1	0
0	419.2	54	33	11	2	0
0	459.1	65	29	4	2	0
0	*	*	*	*	*	*
0	437.3	58	36	5	1	0
0	453.6	66	26	3	6	0
0	375.1	24	44	23	7	2
0	402.0	55	27	14	3	1
0	454.3	71	19	6	3	1
0	409.8	62	26	9	2	1
0	405.4	36	42	15	6	1
0	*	*	*	*	*	*
0	377.4	25	42	24	9	1
0	*	*	*	*	*	*
0	403.5	41	37	16	5	1
0	478.3	78	17	3	0	2
0	398.8	48	32	14	2	4
0	402.0	56	30	12	1	0
0	418.7	66	26	6	2	0
0	355.4	18	39	32	7	4
0	364.1	28	33	30	5	4
0	342.3	5	37	51	6	1
0	347.8	13	41	20	20	6
0	409.9	64	26	8	2	1
0	362.2	15	42	25	14	4
0	319.8	0	22	41	35	2
0	326.6	5	28	33	29	5
0	*	*	*	*	*	*
0	352.4	15	36	30	16	4
0	*	*	*	*	*	*
0	404.9	38	41	15	5	1
0	383.3	38	33	20	5	4
0	378.0	37	32	25	4	2
0	366.1	26	36	30	6	2
0	361.1	26	34	26	7	6
0	378.2	38	33	23	4	2
0	317.7	0	19	50	22	9
0	310.7	0	4	61	32	4
0	*	*	*	*	*	*
0	*	*	*	*	*	*
0	398.8	49	29	16	3	2
0	392.4	52	32	13	2	1
0	318.7	2	23	36	28	10
0	318.0	4	23	31	32	11
0	296.5	1	11	29	45	14
0	*	*	*	*	*	*
0	310.0	2	20	32	32	13
0	*	*	*	*	*	*
0	367.6	20	37	25	15	2
0	284.4	16	15	14	5	49
0	398.8	48	32	14	3	3
0	402.3	55	26	15	2	1
0	351.3	19	29	37	9	6
0	359.0	22	39	29	5	5
0	379.1	38	32	24	4	2
0	312.4	8	8	33	50	0
0	336.7	8	29	50	0	13
0	*	*	*	*	*	*
0	394.1	50	30	14	4	2
0	312.2	1	25	32	30	11
0	317.5	2	22	34	33	8
0	368.0	23	36	24	15	2
0	286.2	0	7	29	36	29
0	348.7	15	32	28	19	6
0	281.5	0	0	36	45	18
0	374.9	23	38	23	13	2
0	383.8	39	32	20	5	4
0	393.6	49	30	17	2	1
0	360.1	23	33	33	8	4
0	356.9	20	39	31	6	5
0	373.1	34	33	26	4	2
0	336.6	5	32	50	11	3
0	322.7	4	15	56	17	8
0	*	*	*	*	*	*
0	*	*	*	*	*	*
0	371.3	22	44	23	9	2
0	400.2	34	39	17	8	2
0	386.6	39	22	33	6	0
0	338.8	20	28	24	12	16
0	384.8	33	39	22	3	3
0	407.6	35	35	29	0	0
0	379.8	25	42	17	17	0
0	367.5	33	33	21	12	0
0	373.5	24	44	28	4	0
0	395.1	62	15	18	6	0
0	461.1	62	26	12	0	0
0	457.8	63	37	0	0	0
0	384.8	58	23	9	9	0
0	335.2	12	29	30	17	11
0	358.3	24	31	24	17	5
0	324.0	9	24	32	22	14
0	367.8	28	29	23	17	4
0	350.2	21	30	30	12	6
0	364.4	29	29	25	15	2
0	337.7	10	29	35	15	11
0	343.4	14	31	35	12	8
0	355.8	18	31	24	19	7
0	340.8	13	31	35	15	6
0	338.3	13	27	30	23	7
0	337.7	12	31	34	15	9
0	333.2	10	26	34	22	8
0	399.5	34	43	13	7	3
0	391.3	26	57	14	4	0
0	*	*	*	*	*	*
0	314.4	4	21	32	30	13
0	321.8	10	19	33	18	19
0	332.5	18	24	22	19	17
0	332.2	12	24	36	17	11
0	337.7	10	31	26	24	9
0	*	*	*	*	*	*
0	315.8	6	21	28	35	10
0	*	*	*	*	*	*
0	336.6	12	26	30	23	9
0	*	*	*	*	*	*
0	322.6	13	21	26	14	26
0	338.9	14	24	40	12	9
0	299.9	7	11	17	26	39
0	313.7	3	16	41	19	20
0	315.2	6	13	41	23	17
0	306.1	1	12	46	18	23
0	*	*	*	*	*	*
0	292.7	2	12	25	37	25
0	332.7	12	26	32	20	10
0	307.6	3	18	28	35	16
0	288.9	1	8	28	47	16
0	282.8	1	8	21	51	20
0	275.5	0	0	24	41	35
0	311.4	5	20	28	30	17
0	277.0	0	0	42	25	33
0	353.4	16	35	24	21	4
0	312.6	8	18	27	18	29
0	321.3	7	17	42	19	16
0	323.6	7	20	39	19	14
0	315.7	5	17	39	17	22
0	320.3	7	17	37	20	18
0	286.4	0	3	33	28	37
0	294.6	0	1	41	38	20
0	*	*	*	*	*	*
0	250.4	0	0	0	5	95
0	319.9	10	19	32	20	20
0	320.5	9	21	34	19	17
0	289.2	1	10	24	42	24
0	280.7	1	7	21	43	29
0	269.3	0	3	14	55	28
0	267.8	0	0	4	58	38
0	283.6	1	9	23	37	30
0	271.1	4	0	18	39	39
0	316.8	6	23	28	33	10
0	272.0	4	7	15	17	56
0	314.6	10	20	26	16	29
0	326.9	12	18	37	17	17
0	303.9	3	10	35	26	26
0	314.0	4	16	41	19	20
0	325.7	10	19	37	18	16
0	293.6	0	3	39	31	27
0	293.1	0	7	32	32	30
0	286.0	0	3	31	26	41
0	310.1	8	18	27	24	22
0	279.1	1	6	17	47	30
0	282.1	1	7	22	44	26
0	291.6	3	11	21	46	19
0	276.7	0	1	20	46	33
0	297.9	3	14	26	33	24
0	272.2	3	0	22	37	38
0	320.4	7	24	28	32	9
0	311.4	9	18	26	18	30
0	327.5	10	19	40	17	14
0	310.8	4	14	36	24	22
0	314.1	4	16	41	19	21
0	319.7	8	16	39	21	17
0	297.6	0	7	40	24	28
0	294.2	0	2	39	37	22
0	285.8	0	2	30	26	42
0	250.4	0	0	0	5	95
0	308.6	3	18	30	32	16
0	314.3	5	20	25	33	16
0	300.6	8	15	25	36	15
0	318.4	7	26	25	34	7
0	318.4	9	24	26	31	9
0	316.3	12	19	23	31	16
0	319.8	13	21	28	32	6
0	333.1	12	29	33	20	6
0	323.9	11	24	25	31	8
0	39.3	0	0	0	0	0
0	39.9	0	0	0	0	0
0	39.2	0	0	0	0	0
0	38.5	0	0	0	0	0
0	38.6	0	0	0	0	0
0	34.7	0	0	0	0	0
0	38.4	0	0	0	0	0
0	36.8	0	0	0	0	0
0	35.7	0	0	0	0	0
0	38.0	0	0	0	0	0
0	36.1	0	0	0	0	0
0	36.2	0	0	0	0	0
0	35.4	0	0	0	0	0
0	36.1	0	0	0	0	0
0	343.1	23	24	33	18	3
0	367.0	22	37	25	15	1
0	373.9	25	35	23	15	2
0	348.9	21	28	30	18	3
0	341.1	22	26	30	15	7
0	374.9	27	35	22	14	3
0	343.6	15	33	29	14	9
0	356.9	23	31	24	17	6
0	336.2	13	28	32	17	10
0	370.1	29	29	23	16	4
0	358.9	26	33	27	9	5
0	364.4	29	29	25	14	2
0	345.7	13	32	33	13	9
0	351.2	19	33	31	12	6
0	355.5	18	31	24	19	8
0	343.8	15	33	33	13	7
0	334.3	12	26	29	25	8
0	344.9	14	34	32	12	7
0	330.3	9	24	36	22	9
0	400.3	32	49	11	4	4
0	387.6	21	60	7	12	0
0	*	*	*	*	*	*
0	309.5	3	20	31	31	15
0	327.5	13	21	33	16	18
0	334.5	19	24	23	18	17
0	338.6	15	26	35	14	10
0	331.2	6	30	28	26	10
0	*	*	*	*	*	*
0	305.2	4	19	23	38	16
0	*	*	*	*	*	*
0	336.3	12	28	32	20	8
0	336.0	16	26	26	14	17
0	347.4	17	29	36	11	6
0	312.0	2	16	41	19	21
0	309.2	2	12	43	23	19
0	306.6	3	12	39	20	25
0	*	*	*	*	*	*
0	286.1	1	8	23	38	30
0	340.0	14	30	30	16	9
0	307.2	3	20	25	35	18
0	290.8	0	12	26	38	24
0	277.7	1	6	18	51	24
0	267.0	0	0	8	54	38
0	294.8	0	15	28	32	25
0	*	*	*	*	*	*
0	333.6	12	24	29	33	2
0	315.2	9	19	28	16	28
0	322.6	7	20	39	18	17
0	317.9	5	17	38	24	16
0	315.2	5	20	36	14	25
0	319.9	8	17	39	18	17
0	288.2	0	3	34	30	33
0	285.4	0	0	31	44	25
0	*	*	*	*	*	*
0	250.6	0	0	0	0	100
0	320.4	10	21	31	18	20
0	323.8	10	23	34	16	17
0	282.4	0	7	20	43	30
0	275.1	0	7	16	43	34
0	262.1	0	2	10	52	36
0	*	*	*	*	*	*
0	277.3	1	7	21	36	36
0	*	*	*	*	*	*
0	295.8	3	16	25	38	18
0	261.1	1	8	13	15	63
0	318.3	11	21	27	15	26
0	330.8	12	20	35	17	16
0	300.6	1	10	35	26	28
0	311.9	3	19	35	19	24
0	310.7	5	11	37	23	23
0	296.6	0	9	36	18	36
0	*	*	*	*	*	*
0	*	*	*	*	*	*
0	313.8	9	20	27	22	22
0	273.7	0	3	17	43	36
0	277.9	0	8	17	42	32
0	285.4	2	10	18	46	24
0	270.5	0	0	5	68	26
0	286.7	1	11	24	34	30
0	254.3	0	0	9	36	55
0	299.6	4	17	25	38	17
0	315.2	9	20	27	16	28
0	329.6	10	22	38	16	14
0	306.6	3	12	36	25	24
0	312.3	3	17	40	19	22
0	311.1	4	13	41	22	20
0	297.0	1	7	37	25	30
0	285.8	0	0	36	40	24
0	296.8	0	0	55	27	18
0	250.6	0	0	0	0	100
0	304.6	2	17	30	33	18
0	311.3	4	21	24	33	18
0	317.1	5	23	33	37	2
0	304.3	8	18	23	33	18
0	318.7	11	25	18	30	17
0	310.5	8	20	28	34	11
0	308.8	6	23	22	41	9
0	326.9	17	23	26	29	6
0	338.8	14	29	33	18	6
0	38.5	0	0	0	0	0
0	36.3	0	0	0	0	0
0	35.5	0	0	0	0	0
0	35.7	0	0	0	0	0
0	34.5	0	0	0	0	0
0	36.5	0	0	0	0	0
0	37.8	0	0	0	0	0
0	35.9	0	0	0	0	0
0	38.0	0	0	0	0	0
0	38.9	0	0	0	0	0
0	39.3	0	0	0	0	0
0	39.3	0	0	0	0	0
0	38.9	0	0	0	0	0
0	39.2	0	0	0	0	0
0	*	*	*	*	*	*
0	*	*	*	*	*	*
0	353.6	20	33	29	11	7
0	381.8	32	33	22	10	2
0	339.9	16	27	31	18	9
0	381.0	33	25	23	18	1
0	370.3	32	36	19	8	4
0	375.3	34	27	22	16	1
0	351.8	15	33	33	12	7
0	353.5	20	32	31	11	5
0	355.6	18	30	26	18	8
0	350.3	19	34	29	14	4
0	340.0	12	29	32	21	6
0	354.3	20	37	25	11	7
0	339.0	14	26	32	20	8
0	*	*	*	*	*	*
0	*	*	*	*	*	*
0	313.4	5	18	35	27	15
0	330.5	15	21	31	14	19
0	345.6	23	25	19	19	14
0	346.2	18	32	30	13	7
0	323.9	7	25	28	29	12
0	334.9	5	38	27	28	2
0	*	*	*	*	*	*
0	318.5	9	21	29	18	24
0	342.7	13	33	32	8	13
0	*	*	*	*	*	*
0	332.3	15	19	43	11	13
0	330.8	3	24	48	24	0
0	320.1	8	15	38	23	15
0	299.1	2	15	33	25	26
0	346.6	18	33	25	15	9
0	313.0	4	20	28	33	15
0	*	*	*	*	*	*
0	295.7	2	16	23	42	17
0	325.6	9	18	36	27	9
0	*	*	*	*	*	*
0	328.7	16	20	28	14	23
0	331.4	14	20	34	17	15
0	337.5	13	22	43	17	4
0	333.8	12	27	35	12	15
0	*	*	*	*	*	*
0	*	*	*	*	*	*
0	*	*	*	*	*	*
0	337.6	18	22	29	12	18
0	336.5	19	23	31	13	14
0	289.3	0	11	23	36	29
0	*	*	*	*	*	*
0	269.9	0	3	19	47	31
0	*	*	*	*	*	*
0	291.2	1	13	19	38	29
0	332.5	9	26	33	21	12
0	257.4	6	0	0	31	63
0	330.0	16	25	27	12	20
0	337.0	16	22	35	19	9
0	318.9	7	16	35	28	14
0	315.3	0	29	29	21	21
0	347.1	17	28	44	6	6
0	*	*	*	*	*	*
0	320.1	11	23	28	20	19
0	282.8	3	10	13	41	33
0	*	*	*	*	*	*
0	301.3	4	18	22	39	17
0	*	*	*	*	*	*
0	310.3	6	16	27	32	19
0	340.6	12	27	31	20	10
0	324.1	15	19	27	15	25
0	335.5	14	24	33	15	13
0	325.9	9	18	38	24	10
0	327.7	10	23	38	14	15
0	338.3	11	23	48	16	2
0	317.3	6	17	33	28	17
0	*	*	*	*	*	*
0	309.2	4	17	34	26	18
0	311.2	5	19	25	33	18
0	325.1	31	6	25	31	6
0	342.4	20	33	20	7	20
0	346.7	24	18	29	29	0
0	330.8	23	27	9	23	18
0	316.1	13	13	33	40	0
0	337.6	0	33	58	8	0
0	309.5	0	31	23	46	0
0	*	*	*	*	*	*
0	42.6	0	0	0	0	0
0	*	*	*	*	*	*
0	*	*	*	*	*	*
0	40.4	0	0	0	0	0
0	*	*	*	*	*	*
0	42.4	0	0	0	0	0
0	*	*	*	*	*	*
0	*	*	*	*	*	*
0	40.5	0	0	0	0	0
0	*	*	*	*	*	*
0	*	*	*	*	*	*
0	*	*	*	*	*	*
0	*	*	*	*	*	*
0	*	*	*	*	*	*
0	*	*	*	*	*	*
0	398.1	47	32	14	4	2
0	434.7	62	24	9	4	1
0	384.8	41	30	18	7	4
0	461.2	70	18	7	4	1
0	411.0	63	22	10	3	2
0	446.3	72	18	7	3	1
0	403.6	44	35	15	3	4
0	397.0	53	26	14	4	3
0	460.2	61	23	8	5	2
0	392.2	50	29	14	3	3
0	424.0	53	28	11	6	2
0	397.2	51	30	13	4	2
0	402.2	43	33	17	5	2
0	482.9	75	23	2	0	0
0	452.5	65	30	4	1	0
0	463.5	74	17	4	4	0
0	342.1	12	31	29	23	6
0	392.9	47	25	17	6	5
0	435.3	62	19	9	6	4
0	392.0	50	24	17	5	3
0	404.5	37	35	17	8	2
0	371.8	25	36	23	14	2
0	*	*	*	*	*	*
0	420.9	51	33	12	3	0
0	483.7	77	15	5	3	0
0	397.2	49	30	13	2	6
0	399.1	52	29	16	2	1
0	395.0	49	29	18	2	2
0	338.7	9	29	45	8	9
0	358.2	27	28	33	8	4
0	313.7	3	16	46	16	19
0	302.5	4	15	21	41	20
0	390.7	48	27	15	6	3
0	348.8	14	32	26	21	8
0	324.7	5	15	45	30	5
0	311.2	5	20	24	39	12
0	290.3	0	0	44	33	22
0	358.6	21	32	26	16	5
0	*	*	*	*	*	*
0	419.5	43	41	11	5	0
0	374.3	35	28	22	8	7
0	364.2	28	26	33	8	5
0	367.5	30	30	28	8	4
0	348.3	14	41	27	14	5
0	380.8	41	26	20	7	5
0	*	*	*	*	*	*
0	302.9	0	0	65	18	18
0	*	*	*	*	*	*
0	383.6	40	27	22	7	5
0	375.1	40	29	20	7	4
0	313.1	4	17	28	38	12
0	306.2	0	11	43	38	8
0	283.4	1	6	25	45	24
0	*	*	*	*	*	*
0	300.9	4	13	28	35	21
0	289.2	10	0	25	35	30
0	378.3	27	36	20	15	2
0	315.1	19	13	23	13	33
0	381.4	39	29	17	7	8
0	387.2	46	25	19	7	3
0	344.7	18	24	33	15	10
0	339.5	12	30	37	15	6
0	381.8	42	28	22	5	3
0	*	*	*	*	*	*
0	*	*	*	*	*	*
0	*	*	*	*	*	*
0	372.9	39	25	19	11	6
0	296.0	4	12	16	47	20
0	312.7	2	12	44	35	7
0	365.7	26	29	20	20	6
0	293.7	0	4	40	36	20
0	361.5	24	28	23	17	7
0	287.0	8	0	28	36	28
0	389.6	32	36	18	12	2
0	375.9	37	28	21	8	7
0	385.3	43	27	22	5	3
0	359.6	26	28	29	10	6
0	340.1	10	31	41	10	8
0	371.0	35	28	27	7	4
0	306.5	2	14	39	22	24
0	314.8	0	14	59	14	14
0	*	*	*	*	*	*
0	333.5	10	27	27	27	9
0	400.6	37	31	17	11	4
0	343.2	12	36	28	16	8
0	326.6	18	18	21	32	11
0	306.6	7	17	29	26	21
0	331.3	16	24	16	38	5
0	366.4	26	32	26	11	5
0	328.3	22	22	17	35	4
0	325.0	8	25	33	25	8
0	*	*	*	*	*	*
0	36.1	0	0	0	0	0
0	36.7	0	0	0	0	0
0	*	*	*	*	*	*
0	34.3	0	0	0	0	0
0	38.8	0	0	0	0	0
0	36.1	0	0	0	0	0
0	37.6	0	0	0	0	0
0	34.3	0	0	0	0	0
0	40.0	0	0	0	0	0
0	37.7	0	0	0	0	0
0	37.9	0	0	0	0	0
0	39.0	0	0	0	0	0
0	35.6	0	0	0	0	0
0	*	*	*	*	*	*
0	*	*	*	*	*	*
0	*	*	*	*	*	*
0	*	*	*	*	*	*
0	*	*	*	*	*	*
0	*	*	*	*	*	*
0	385.3	37	41	16	5	2
0	411.3	50	31	13	5	1
0	370.3	28	37	25	8	2
0	432.0	59	25	11	5	1
0	394.9	52	31	13	2	1
0	411.8	57	27	12	3	0
0	380.0	26	44	23	5	2
0	380.8	37	37	20	4	2
0	421.6	44	34	14	6	2
0	377.3	35	39	20	5	1
0	387.1	33	36	20	8	2
0	380.0	35	39	20	4	2
0	377.8	28	38	24	8	2
0	447.8	61	32	6	1	0
0	423.1	51	38	11	0	0
0	*	*	*	*	*	*
0	347.1	12	38	26	20	5
0	367.0	30	31	27	7	4
0	399.6	45	28	17	7	4
0	374.7	34	36	23	5	2
0	377.9	23	43	21	11	2
0	352.9	16	34	30	18	3
0	393.8	36	31	27	4	1
0	*	*	*	*	*	*
0	382.4	34	38	23	3	2
0	374.3	33	37	27	3	1
0	*	*	*	*	*	*
0	336.0	8	27	46	13	6
0	333.9	11	20	47	16	6
0	338.5	0	46	54	0	0
0	322.9	4	26	34	30	6
0	378.0	36	38	20	5	2
0	340.5	8	35	31	21	5
0	298.7	0	8	44	38	10
0	304.7	3	15	31	41	10
0	333.8	10	28	31	24	7
0	376.6	19	45	29	6	1
0	355.6	23	28	29	11	9
0	353.3	20	29	41	7	4
0	347.1	13	32	41	11	3
0	341.8	8	32	48	7	5
0	348.4	10	43	37	6	4
0	312.0	0	9	60	23	7
0	*	*	*	*	*	*
0	*	*	*	*	*	*
0	*	*	*	*	*	*
0	361.6	26	30	32	8	4
0	363.0	28	34	28	7	4
0	305.6	0	18	30	38	12
0	292.2	0	13	25	48	13
0	276.6	1	3	20	56	21
0	296.4	2	13	29	37	20
0	*	*	*	*	*	*
0	332.2	7	29	33	25	5
0	305.8	7	18	27	22	27
0	361.9	26	33	26	7	8
0	372.0	34	31	27	7	2
0	328.5	8	20	46	18	9
0	334.4	8	25	46	15	6
0	351.7	19	30	39	9	3
0	*	*	*	*	*	*
0	*	*	*	*	*	*
0	354.6	23	33	27	12	5
0	286.7	1	10	16	40	31
0	294.2	0	12	31	45	12
0	331.0	11	24	28	29	7
0	321.6	8	22	30	28	12
0	*	*	*	*	*	*
0	337.1	8	31	32	23	5
0	357.8	24	29	28	10	9
0	365.8	28	32	32	5	2
0	337.4	10	25	44	14	6
0	336.8	8	27	47	12	6
0	341.3	14	25	44	12	5
0	316.9	0	18	58	18	7
0	*	*	*	*	*	*
0	*	*	*	*	*	*
0	*	*	*	*	*	*
0	342.9	11	36	27	22	5
0	361.1	17	37	24	17	4
0	299.6	8	22	16	41	14
0	308.9	12	24	18	32	15
0	339.9	15	32	27	17	10
0	329.0	11	29	16	40	4
0	316.1	18	9	38	26	9
0	329.1	6	28	41	25	0
0	311.7	13	13	31	31	13
0	38.8	0	0	0	0	0
0	38.1	0	0	0	0	0
0	37.4	0	0	0	0	0
0	37.6	0	0	0	0	0
0	37.2	0	0	0	0	0
0	33.2	0	0	0	0	0
0	37.5	0	0	0	0	0
0	34.0	0	0	0	0	0
0	35.5	0	0	0	0	0
0	36.4	0	0	0	0	0
0	28.5	0	0	0	0	0
0	33.6	0	0	0	0	0
0	37.4	0	0	0	0	0
0	33.3	0	0	0	0	0
0	335.6	12	29	30	17	11
0	359.6	24	31	24	17	4
0	324.4	9	24	32	22	13
0	369.8	29	29	23	16	3
0	351.2	22	30	30	12	6
0	366.1	30	29	25	14	2
0	338.6	10	30	35	15	10
0	345.8	16	30	34	12	8
0	359.2	19	32	24	19	7
0	343.4	14	32	34	14	5
0	340.9	14	28	30	22	6
0	339.5	13	31	34	14	9
0	335.6	11	27	34	21	8
0	402.5	37	40	14	7	2
0	393.4	29	52	16	3	0
0	*	*	*	*	*	*
0	319.1	5	23	33	28	11
0	323.8	11	19	33	18	18
0	335.2	19	24	22	19	16
0	334.0	13	25	36	17	10
0	340.7	10	32	27	23	8
0	*	*	*	*	*	*
0	319.0	6	23	29	33	9
0	*	*	*	*	*	*
0	328.9	10	23	32	24	11
0	*	*	*	*	*	*
0	319.7	13	19	26	15	28
0	340.1	14	25	41	12	8
0	290.5	2	7	19	29	43
0	312.8	3	16	41	20	21
0	310.8	4	12	39	25	20
0	304.7	1	10	45	21	23
0	*	*	*	*	*	*
0	295.4	1	13	27	36	22
0	334.3	13	27	32	19	9
0	308.3	2	19	29	35	15
0	293.2	0	13	24	56	7
0	285.5	1	8	22	50	18
0	268.0	0	0	18	38	44
0	315.9	5	22	30	27	15
0	*	*	*	*	*	*
0	339.7	11	33	30	19	7
0	315.0	9	19	27	18	27
0	321.6	7	17	42	19	15
0	323.7	6	21	41	19	13
0	319.0	6	19	39	16	20
0	323.7	9	18	37	20	16
0	287.6	0	5	30	25	40
0	295.6	0	2	40	39	19
0	*	*	*	*	*	*
0	*	*	*	*	*	*
0	322.4	11	20	32	19	19
0	323.2	10	22	34	19	15
0	290.3	0	10	24	43	22
0	282.4	1	7	22	44	26
0	270.4	0	4	14	56	27
0	259.2	0	0	0	43	57
0	286.0	1	9	25	37	28
0	256.9	0	0	8	40	52
0	317.0	5	23	31	33	8
0	273.3	4	7	16	18	55
0	317.9	11	21	26	16	27
0	326.6	11	18	37	17	17
0	305.6	3	11	36	25	25
0	316.1	4	16	43	19	19
0	328.5	10	22	39	16	13
0	290.4	0	2	38	26	34
0	292.2	0	11	22	35	32
0	281.3	0	4	17	26	52
0	313.5	9	19	27	24	21
0	278.3	0	5	16	49	29
0	284.1	1	8	22	46	23
0	292.5	3	12	22	46	17
0	267.2	0	0	14	40	46
0	299.7	3	15	27	33	22
0	261.7	0	0	14	38	48
0	319.0	5	24	31	31	8
0	313.2	9	18	26	18	29
0	328.4	10	19	41	16	13
0	312.3	4	15	38	23	20
0	314.9	4	16	41	19	20
0	320.3	7	17	39	20	16
0	295.8	0	6	39	23	31
0	294.8	0	3	37	39	21
0	281.0	0	4	17	29	50
0	*	*	*	*	*	*
0	312.6	4	20	31	30	14
0	314.3	5	21	26	33	15
0	318.1	7	25	27	34	7
0	299.0	8	14	26	36	15
0	315.5	12	19	23	30	16
0	317.5	9	24	27	31	9
0	326.3	11	27	25	30	8
0	318.8	13	21	28	33	6
0	332.1	12	28	34	20	7
0	32.3	0	0	0	0	0
0	36.0	0	0	0	0	0
0	35.1	0	0	0	0	0
0	36.0	0	0	0	0	0
0	33.5	0	0	0	0	0
0	38.0	0	0	0	0	0
0	36.5	0	0	0	0	0
0	35.3	0	0	0	0	0
0	37.5	0	0	0	0	0
0	37.5	0	0	0	0	0
0	39.4	0	0	0	0	0
0	39.2	0	0	0	0	0
0	38.0	0	0	0	0	0
0	38.3	0	0	0	0	0
0	344.5	24	25	31	17	3
0	368.3	23	36	25	15	1
0	375.0	26	35	22	15	1
0	350.6	22	28	30	17	3
0	342.5	22	26	30	15	6
0	377.6	27	35	22	13	2
0	355.0	21	35	29	9	7
0	377.0	32	36	14	14	3
0	346.6	19	28	30	16	7
0	391.7	39	29	18	12	2
0	371.6	33	34	24	5	3
0	386.6	41	30	19	10	2
0	359.7	19	31	34	12	4
0	361.7	24	34	34	7	2
0	384.4	27	35	19	17	2
0	355.4	18	36	34	7	5
0	353.3	21	28	27	19	6
0	357.9	21	35	30	9	4
0	353.6	16	32	34	15	3
0	392.5	40	33	7	20	0
0	*	*	*	*	*	*
0	331.7	5	35	30	20	10
0	340.6	16	26	35	13	10
0	360.1	29	28	19	15	9
0	347.9	20	26	37	11	5
0	348.9	11	34	30	21	3
0	333.4	10	25	35	23	7
0	*	*	*	*	*	*
0	334.9	14	22	34	8	22
0	353.6	18	38	32	4	8
0	318.8	2	20	48	18	13
0	322.6	3	18	53	18	8
0	*	*	*	*	*	*
0	313.7	3	26	16	29	26
0	348.4	20	30	31	13	7
0	326.0	6	29	25	27	13
0	*	*	*	*	*	*
0	297.1	1	11	29	47	12
0	314.7	6	18	37	29	11
0	*	*	*	*	*	*
0	330.1	13	23	31	18	16
0	327.9	8	20	43	17	12
0	337.9	12	22	46	12	7
0	323.2	15	12	31	27	15
0	331.6	6	17	56	17	6
0	*	*	*	*	*	*
0	*	*	*	*	*	*
0	336.7	17	22	33	15	13
0	337.7	17	27	29	14	13
0	290.5	0	7	35	39	19
0	*	*	*	*	*	*
0	279.3	0	3	18	66	13
0	291.1	2	13	22	37	27
0	327.5	15	20	27	29	9
0	260.5	0	20	10	20	50
0	332.7	14	28	26	16	16
0	353.8	21	30	35	8	6
0	312.1	3	15	36	34	12
0	326.0	15	8	46	12	19
0	335.2	18	20	27	18	18
0	*	*	*	*	*	*
0	*	*	*	*	*	*
0	*	*	*	*	*	*
0	332.4	13	27	32	16	13
0	285.8	3	0	24	52	21
0	299.0	0	7	40	40	13
0	307.0	5	14	28	42	11
0	302.4	4	15	28	33	20
0	331.5	16	21	26	28	9
0	328.8	12	22	31	16	18
0	340.0	13	27	39	12	9
0	322.1	6	18	40	25	10
0	320.8	7	16	45	18	14
0	329.8	10	19	42	18	12
0	*	*	*	*	*	*
0	*	*	*	*	*	*
0	*	*	*	*	*	*
0	328.0	5	33	27	22	14
0	330.7	8	27	28	27	10
0	290.2	8	8	17	50	17
0	*	*	*	*	*	*
0	306.9	5	21	37	26	11
0	330.0	20	15	25	25	15
0	332.5	11	28	39	22	0
0	350.1	13	40	40	7	0
0	350.6	8	38	38	15	0
0	*	*	*	*	*	*
0	*	*	*	*	*	*
0	*	*	*	*	*	*
0	*	*	*	*	*	*
0	*	*	*	*	*	*
0	*	*	*	*	*	*
0	*	*	*	*	*	*
0	*	*	*	*	*	*
0	*	*	*	*	*	*
0	*	*	*	*	*	*
0	*	*	*	*	*	*
0	*	*	*	*	*	*
0	*	*	*	*	*	*
0	*	*	*	*	*	*
0	383.9	38	35	17	6	4
0	414.3	51	29	12	6	2
0	377.1	35	34	20	7	3
0	426.7	55	25	12	6	1
0	399.1	56	26	13	3	2
0	412.1	56	25	12	6	1
0	393.6	37	38	18	4	3
0	389.3	46	32	16	3	2
0	417.0	43	33	14	8	2
0	383.0	41	36	17	4	2
0	389.6	36	34	19	8	2
0	386.8	42	37	16	4	2
0	377.9	30	35	24	9	3
0	443.6	56	37	6	1	1
0	*	*	*	*	*	*
0	432.1	58	36	5	1	0
0	402.5	32	41	18	5	5
0	335.3	8	31	32	19	9
0	372.0	35	28	24	7	6
0	411.1	52	24	12	7	5
0	381.5	41	30	20	6	3
0	373.5	22	39	23	13	3
0	*	*	*	*	*	*
0	364.7	19	38	28	14	1
0	388.8	33	38	21	7	1
0	459.5	68	24	8	0	0
0	371.3	35	30	19	7	10
0	378.6	39	31	23	4	3
0	353.0	31	19	20	15	15
0	344.6	15	31	35	11	8
0	346.1	18	27	38	11	6
0	330.0	4	28	49	11	8
0	*	*	*	*	*	*
0	313.6	6	20	26	30	18
0	382.8	43	31	17	6	3
0	332.0	6	30	30	24	9
0	304.6	2	18	33	29	18
0	308.9	3	18	32	39	9
0	*	*	*	*	*	*
0	338.2	10	31	31	21	7
0	*	*	*	*	*	*
0	398.2	33	44	16	6	1
0	360.3	27	29	24	9	11
0	353.2	23	27	32	9	8
0	353.1	19	31	36	9	5
0	343.8	15	30	35	11	10
0	358.0	26	28	34	8	4
0	304.2	1	8	49	20	22
0	297.5	0	2	48	29	22
0	*	*	*	*	*	*
0	*	*	*	*	*	*
0	370.4	34	28	23	8	7
0	364.5	33	31	23	7	7
0	296.6	1	12	28	39	20
0	290.8	2	9	27	43	20
0	279.2	1	5	21	51	23
0	*	*	*	*	*	*
0	296.8	2	13	29	36	21
0	*	*	*	*	*	*
0	352.8	16	34	25	20	5
0	273.8	9	10	15	10	56
0	369.4	34	29	18	7	11
0	372.8	37	26	22	8	6
0	337.9	13	24	38	14	11
0	341.3	14	30	34	9	12
0	366.5	31	31	27	7	4
0	301.8	0	12	35	31	23
0	333.6	11	20	51	9	9
0	*	*	*	*	*	*
0	360.6	32	28	20	12	9
0	286.7	1	9	22	39	29
0	293.5	2	11	28	40	19
0	335.1	12	26	27	28	7
0	*	*	*	*	*	*
0	325.3	8	24	30	26	12
0	*	*	*	*	*	*
0	359.4	18	35	24	18	4
0	359.3	28	29	23	9	12
0	368.2	33	29	26	7	5
0	346.4	17	28	37	11	7
0	343.4	15	30	35	10	10
0	358.2	25	29	32	8	5
0	321.1	3	21	48	15	13
0	311.7	5	9	49	21	17
0	*	*	*	*	*	*
0	*	*	*	*	*	*
0	329.7	8	28	31	22	11
0	351.6	15	32	25	20	8
0	325.2	9	29	23	34	5
0	324.6	16	22	25	28	9
0	345.5	21	24	27	20	8
0	334.3	14	31	20	25	10
0	331.4	14	26	24	29	7
0	347.0	25	26	24	23	3
0	357.5	25	33	25	14	3
0	37.0	0	0	0	0	0
0	36.5	0	0	0	0	0
0	35.0	0	0	0	0	0
0	35.4	0	0	0	0	0
0	35.1	0	0	0	0	0
0	37.3	0	0	0	0	0
0	35.7	0	0	0	0	0
0	35.9	0	0	0	0	0
0	37.8	0	0	0	0	0
0	39.8	0	0	0	0	0
0	39.3	0	0	0	0	0
0	38.7	0	0	0	0	0
0	39.3	0	0	0	0	0
0	38.8	0	0	0	0	0
0	*	*	*	*	*	*
0	*	*	*	*	*	*
0	*	*	*	*	*	*
0	*	*	*	*	*	*
0	*	*	*	*	*	*
0	*	*	*	*	*	*
0	323.2	8	26	31	21	15
0	349.2	18	31	26	19	5
0	312.2	5	19	32	26	18
0	357.3	24	28	24	19	5
0	338.3	14	28	33	16	9
0	355.1	25	27	27	18	3
0	325.3	6	24	37	19	15
0	333.2	10	26	37	15	12
0	345.3	14	29	25	22	9
0	331.8	9	26	38	19	8
0	328.5	10	23	32	27	9
0	328.7	8	27	36	17	12
0	327.7	9	24	34	24	10
0	393.1	30	46	12	8	4
0	374.7	20	51	24	4	0
0	*	*	*	*	*	*
0	312.7	3	21	32	31	13
0	313.7	7	17	33	20	23
0	319.7	13	22	23	22	20
0	323.6	9	20	37	20	13
0	337.7	10	30	26	24	9
0	*	*	*	*	*	*
0	320.2	7	21	28	34	9
0	340.1	13	33	27	20	8
0	312.7	10	17	27	16	31
0	334.4	11	23	41	14	11
0	285.8	0	0	28	33	39
0	310.1	2	14	40	21	22
0	310.0	5	12	35	26	21
0	308.9	0	14	48	19	19
0	*	*	*	*	*	*
0	291.5	1	11	25	35	27
0	328.2	9	25	34	21	11
0	308.1	3	18	29	35	16
0	281.3	0	12	16	52	20
0	282.8	1	7	21	52	19
0	271.2	0	0	19	38	43
0	311.6	4	22	30	29	16
0	*	*	*	*	*	*
0	336.4	9	37	26	20	7
0	307.4	7	16	26	20	30
0	316.4	5	14	43	20	17
0	319.1	5	20	39	20	16
0	312.5	5	13	42	15	24
0	318.5	6	16	34	28	16
0	287.8	0	8	25	29	37
0	293.3	0	2	36	40	22
0	*	*	*	*	*	*
0	*	*	*	*	*	*
0	313.3	8	17	31	22	22
0	315.4	7	19	35	21	19
0	289.3	1	10	22	44	23
0	280.3	0	6	25	44	25
0	272.3	0	4	16	55	25
0	*	*	*	*	*	*
0	289.1	1	10	27	38	24
0	*	*	*	*	*	*
0	319.2	5	26	28	34	8
0	274.3	5	7	16	17	55
0	311.6	9	19	26	17	29
0	322.3	9	16	38	18	18
0	305.1	2	11	36	27	23
0	312.8	4	15	41	18	22
0	325.4	9	19	38	20	13
0	293.9	0	2	40	32	26
0	293.2	0	13	27	20	40
0	*	*	*	*	*	*
0	306.3	6	17	28	25	23
0	279.6	1	7	16	45	31
0	280.3	0	7	23	46	24
0	291.6	3	11	22	47	18
0	272.0	0	0	18	41	41
0	300.2	2	16	28	34	20
0	*	*	*	*	*	*
0	320.6	5	27	27	33	8
0	306.1	7	16	26	20	32
0	323.3	8	17	41	18	15
0	310.3	3	14	37	25	21
0	311.4	3	14	41	19	23
0	318.2	7	16	36	24	17
0	301.0	0	10	41	24	25
0	293.0	0	4	34	38	25
0	276.6	0	0	9	36	55
0	*	*	*	*	*	*
0	306.7	3	18	30	32	17
0	310.5	4	19	25	34	17
0	288.7	5	13	25	39	18
0	315.4	6	27	27	30	10
0	308.5	5	24	27	33	11
0	303.4	7	17	21	38	17
0	317.2	11	23	27	31	7
0	320.0	9	23	30	29	9
0	328.1	9	31	31	23	7
0	38.9	0	0	0	0	0
0	41.2	0	0	0	0	0
0	39.8	0	0	0	0	0
0	38.7	0	0	0	0	0
0	39.7	0	0	0	0	0
0	34.2	0	0	0	0	0
0	40.2	0	0	0	0	0
0	37.8	0	0	0	0	0
0	36.0	0	0	0	0	0
0	39.6	0	0	0	0	0
0	38.3	0	0	0	0	0
0	36.4	0	0	0	0	0
0	34.8	0	0	0	0	0
0	37.6	0	0	0	0	0
0	360.6	20	35	28	15	1
0	339.1	20	21	37	19	3
0	345.8	20	29	29	19	3
0	368.2	22	36	22	18	2
0	360.3	20	33	26	16	4
0	334.1	15	25	32	20	7
0	340.4	14	32	30	15	10
0	363.5	26	32	23	15	4
0	331.6	12	26	32	19	11
0	374.8	31	29	22	15	3
0	357.4	26	31	29	10	5
0	369.5	32	29	24	13	2
0	345.0	12	32	35	13	8
0	350.6	17	34	33	10	6
0	363.5	20	33	23	18	6
0	347.0	15	35	33	12	5
0	342.7	14	28	31	21	6
0	347.5	15	35	32	11	7
0	340.5	12	29	35	18	7
0	402.2	32	50	12	5	1
0	392.5	30	49	20	1	0
0	*	*	*	*	*	*
0	319.3	4	23	34	27	12
0	330.2	13	22	33	17	15
0	345.1	22	26	22	16	13
0	342.0	16	27	36	14	7
0	345.5	11	34	28	22	6
0	*	*	*	*	*	*
0	325.6	7	25	29	30	8
0	*	*	*	*	*	*
0	342.6	15	25	31	23	6
0	*	*	*	*	*	*
0	333.2	17	24	26	12	21
0	344.3	15	28	39	10	7
0	314.0	12	18	6	24	41
0	317.0	5	18	39	19	20
0	324.1	7	18	42	22	11
0	317.8	2	21	45	16	15
0	*	*	*	*	*	*
0	300.4	2	14	28	38	18
0	343.0	16	30	31	16	8
0	313.0	3	21	29	33	14
0	302.1	2	16	27	39	16
0	291.4	2	10	26	47	16
0	*	*	*	*	*	*
0	320.3	6	25	31	26	13
0	*	*	*	*	*	*
0	362.5	22	27	31	15	5
0	322.1	10	21	29	16	23
0	328.7	9	21	40	17	12
0	330.2	7	25	41	17	11
0	323.1	9	18	37	18	18
0	323.9	10	19	37	18	17
0	288.1	0	6	33	24	37
0	291.2	0	0	35	42	23
0	*	*	*	*	*	*
0	*	*	*	*	*	*
0	330.4	13	22	32	16	16
0	331.1	12	26	34	15	13
0	290.7	1	10	25	41	23
0	287.5	0	10	26	39	25
0	270.0	0	3	15	56	26
0	*	*	*	*	*	*
0	288.7	1	10	27	37	25
0	*	*	*	*	*	*
0	322.9	6	25	31	31	7
0	276.3	7	7	18	13	55
0	325.6	13	24	26	14	23
0	333.3	14	21	35	16	14
0	313.3	4	16	39	23	18
0	321.0	7	18	42	17	17
0	332.8	12	23	38	16	11
0	297.1	0	3	53	26	18
0	307.4	0	21	29	36	14
0	*	*	*	*	*	*
0	321.3	11	23	27	22	18
0	280.4	1	7	17	46	29
0	291.2	0	11	26	39	23
0	297.9	3	13	24	43	16
0	277.5	0	8	0	62	31
0	304.2	4	17	29	32	19
0	*	*	*	*	*	*
0	326.6	8	26	31	30	7
0	321.1	11	21	28	16	24
0	334.1	12	23	39	15	11
