District Code	Mean Scale Score	Percentage Advanced	Percentage Proficient	Percentage Basic	Percentage Below Basic	Percentage Far Below Basic
0	365.5	28	33	22	10	7
0	389.5	39	30	17	11	3
0	354.0	23	29	29	12	7
0	410.3	45	26	17	10	2
0	383.9	44	26	20	7	3
0	402.6	50	26	15	8	1
0	404.0	37	32	17	11	3
0	376.7	28	35	24	8	4
0	374.2	34	33	23	6	4
0	371.5	34	33	24	7	3
0	375.9	29	31	24	13	3
0	366.0	22	35	27	13	3
0	372.7	31	35	23	8	3
0	439.0	54	33	9	4	1
0	360.9	17	35	25	17	5
0	363.9	32	25	25	8	10
0	*	*	*	*	*	*
0	424.3	52	35	11	2	0
0	368.8	33	30	26	8	4
0	*	*	*	*	*	*
0	*	*	*	*	*	*
0	493.8	82	12	3	1	1
0	320.9	5	24	32	27	11
0	402.3	46	25	15	9	5
0	296.1	2	13	26	37	23
0	433.9	53	35	8	3	1
0	396.7	36	38	17	7	2
0	*	*	*	*	*	*
0	373.0	34	34	21	8	3
0	374.9	33	33	26	5	3
0	341.0	15	25	37	13	10
0	347.4	13	33	29	21	3
0	274.3	5	10	10	25	50
0	334.2	5	34	44	10	7
0	367.4	30	29	24	6	10
0	372.4	29	37	26	6	2
0	324.2	6	26	28	30	10
0	334.0	11	26	37	14	11
0	339.1	13	29	36	12	10
0	296.2	1	12	27	41	19
0	355.6	19	31	39	8	3
0	355.8	25	25	28	9	13
0	324.9	6	20	52	11	11
0	290.1	1	10	23	49	17
0	301.4	2	14	29	44	11
0	348.6	18	26	36	11	8
0	357.4	20	37	32	7	4
0	*	*	*	*	*	*
0	366.9	31	27	25	10	7
0	*	*	*	*	*	*
0	359.8	28	30	27	9	6
0	*	*	*	*	*	*
0	*	*	*	*	*	*
0	338.2	11	29	31	20	8
0	396.6	33	45	14	7	1
0	350.0	15	34	26	21	4
0	294.9	1	13	28	36	22
0	282.0	5	14	9	23	50
0	*	*	*	*	*	*
0	303.8	0	6	56	22	17
0	*	*	*	*	*	*
0	362.6	25	34	29	7	5
0	365.9	31	24	26	10	8
0	280.7	1	6	20	53	20
0	290.3	1	9	27	46	18
0	322.2	3	24	45	12	15
0	297.7	9	13	24	13	41
0	333.6	10	21	43	17	9
0	286.2	1	9	20	44	26
0	351.8	25	27	24	11	13
0	350.0	23	28	27	13	8
0	333.1	11	27	36	14	12
0	334.8	11	27	37	14	11
0	344.2	14	28	25	24	9
0	344.7	15	26	41	12	6
0	355.3	25	25	28	8	13
0	328.0	4	28	46	11	11
0	289.9	1	9	25	47	18
0	326.4	10	22	26	33	9
0	362.6	27	29	30	9	6
0	*	*	*	*	*	*
0	353.0	20	31	33	10	7
0	340.5	15	23	23	23	15
0	280.1	6	11	6	29	49
0	299.1	0	4	46	25	25
0	326.5	10	23	28	25	13
0	358.6	18	36	24	19	3
0	315.0	4	21	31	30	14
0	329.3	8	32	24	30	6
0	315.4	12	19	28	34	8
0	332.9	15	22	25	30	8
0	331.1	10	30	28	25	7
0	345.5	15	30	26	25	3
0	351.2	16	36	30	16	2
0	339.0	20	21	29	28	2
0	321.1	19	17	23	27	14
0	328.5	10	27	24	28	11
0	305.9	7	21	20	30	23
0	*	*	*	*	*	*
0	325.3	15	24	24	25	12
0	305.2	6	17	29	33	16
0	329.6	16	24	24	25	11
0	344.9	19	29	22	18	12
0	312.4	10	19	24	27	19
0	306.8	7	15	30	32	16
0	296.3	2	13	27	37	21
0	303.6	5	13	34	32	16
0	310.0	8	15	32	33	13
0	312.1	9	20	28	28	16
0	317.4	8	24	30	24	14
0	298.5	4	15	26	40	15
0	293.8	5	14	25	34	22
0	297.1	1	12	32	39	16
0	300.0	3	13	32	36	17
0	305.8	6	15	30	34	15
0	369.8	25	33	26	16	1
0	344.9	24	24	31	20	2
0	358.0	29	26	27	16	2
0	384.4	33	30	22	13	1
0	348.0	26	27	23	16	7
0	384.6	32	33	17	14	3
0	369.5	31	24	20	18	8
0	344.0	24	22	24	14	16
0	361.1	26	26	29	14	5
0	366.8	31	21	21	17	11
0	320.0	10	20	26	24	20
0	341.3	18	25	30	16	10
0	*	*	*	*	*	*
0	317.9	4	27	33	14	22
0	330.2	11	22	35	26	5
0	*	*	*	*	*	*
0	325.5	8	33	8	42	8
0	333.1	13	29	33	19	7
0	302.0	5	11	32	23	28
0	314.0	11	12	29	23	25
0	336.9	11	33	33	20	2
0	316.4	7	22	26	33	13
0	323.9	14	18	25	25	18
0	323.0	9	24	38	19	10
0	314.4	4	17	40	21	17
0	310.0	7	14	32	21	25
0	320.7	10	22	24	30	14
0	390.8	40	29	16	11	4
0	360.1	25	32	23	11	9
0	350.2	21	28	30	13	8
0	414.3	47	25	16	9	2
0	379.3	41	26	22	8	3
0	403.7	51	25	14	8	2
0	406.9	38	31	17	11	3
0	368.6	31	32	25	7	5
0	379.1	30	34	23	8	5
0	376.3	30	31	23	13	3
0	366.7	31	32	25	8	4
0	366.9	28	34	24	9	5
0	366.6	22	35	26	14	4
0	439.1	54	33	9	4	1
0	357.9	17	34	25	18	6
0	366.3	35	23	22	8	12
0	484.0	80	14	2	2	2
0	318.8	5	23	31	28	13
0	*	*	*	*	*	*
0	409.0	50	23	13	8	6
0	362.5	30	29	26	10	5
0	425.8	52	35	11	2	0
0	*	*	*	*	*	*
0	*	*	*	*	*	*
0	*	*	*	*	*	*
0	344.7	18	26	35	13	10
0	377.9	36	32	24	5	3
0	348.8	14	34	28	21	4
0	368.1	32	33	21	9	5
0	335.3	6	35	42	8	9
0	274.6	0	18	9	27	45
0	295.3	2	13	25	37	24
0	441.9	56	32	7	4	1
0	402.1	39	37	17	6	2
0	338.9	14	28	33	13	11
0	382.9	35	38	22	5	1
0	374.9	36	26	20	6	11
0	322.8	5	25	28	30	11
0	295.3	1	13	25	41	20
0	364.7	31	25	24	7	13
0	361.9	24	31	34	7	3
0	344.2	18	29	32	11	10
0	340.8	12	31	30	19	9
0	403.9	38	42	13	6	0
0	288.9	1	8	24	49	18
0	326.8	7	20	51	11	11
0	303.6	3	16	28	41	12
0	348.4	20	26	33	12	10
0	362.8	25	36	27	7	5
0	370.0	34	26	22	9	8
0	*	*	*	*	*	*
0	354.9	26	29	28	10	8
0	*	*	*	*	*	*
0	*	*	*	*	*	*
0	*	*	*	*	*	*
0	293.9	7	20	7	27	40
0	304.3	0	8	46	31	15
0	369.1	31	33	26	6	4
0	*	*	*	*	*	*
0	362.6	31	21	25	11	11
0	281.6	1	7	20	50	21
0	319.6	2	26	39	13	19
0	290.0	1	9	28	45	18
0	358.1	19	36	23	19	4
0	296.3	2	14	28	34	22
0	336.0	13	21	39	16	10
0	303.3	12	14	22	10	41
0	338.0	14	30	32	11	13
0	357.1	30	26	20	10	14
0	343.8	21	27	27	14	11
0	285.0	1	10	18	44	27
0	341.6	13	28	24	25	10
0	363.9	31	25	23	7	13
0	349.1	18	26	37	12	7
0	339.7	15	29	33	12	12
0	329.2	11	24	27	24	14
0	367.5	23	37	21	16	3
0	312.9	4	21	29	30	15
0	327.8	5	29	43	10	13
0	289.3	1	9	26	46	19
0	327.5	11	23	25	32	9
0	359.0	25	31	30	9	6
0	362.9	28	27	28	9	7
0	300.7	0	6	41	29	24
0	284.5	8	12	4	32	44
0	*	*	*	*	*	*
0	*	*	*	*	*	*
0	311.8	10	18	27	36	9
0	329.6	9	32	24	30	6
0	332.6	12	29	28	24	7
0	329.0	14	21	25	31	9
0	334.3	18	20	30	30	2
0	342.4	15	28	27	27	4
0	352.4	18	35	30	16	2
0	328.4	10	27	24	27	12
0	316.6	18	16	23	28	15
0	318.9	14	22	23	26	14
0	*	*	*	*	*	*
0	305.0	8	20	19	29	24
0	302.3	6	15	27	35	17
0	324.0	15	22	23	27	13
0	345.9	20	28	20	19	12
0	309.6	10	18	24	28	20
0	303.3	7	14	28	32	19
0	297.2	3	13	25	38	21
0	301.7	5	12	34	31	19
0	308.0	8	13	30	35	14
0	308.9	8	19	26	29	17
0	317.4	9	22	28	24	16
0	296.8	6	14	21	42	18
0	292.3	6	14	23	32	25
0	294.6	1	12	29	37	20
0	298.3	3	12	31	34	19
0	303.1	7	14	27	35	17
0	372.4	27	32	24	16	1
0	339.2	21	23	31	24	2
0	384.2	33	30	22	14	1
0	351.9	26	23	30	18	2
0	388.4	36	27	18	16	3
0	340.0	21	25	26	19	9
0	363.7	28	24	18	17	13
0	331.7	19	21	23	16	21
0	367.5	30	22	17	17	14
0	351.5	23	23	30	16	9
0	322.0	12	16	28	25	18
0	329.7	14	21	32	20	12
0	*	*	*	*	*	*
0	313.3	0	32	32	11	26
0	*	*	*	*	*	*
0	312.3	5	17	31	40	8
0	324.4	13	25	25	25	11
0	*	*	*	*	*	*
0	302.1	8	8	38	14	32
0	313.0	11	13	27	19	29
0	323.3	10	24	22	28	16
0	326.7	10	28	32	26	4
0	313.2	8	20	34	23	15
0	320.4	15	19	23	19	23
0	306.2	4	8	42	31	15
0	307.7	8	12	34	18	28
0	325.3	13	25	20	25	18
0	371.2	31	33	21	9	5
0	388.2	38	31	17	11	3
0	406.2	43	27	18	10	2
0	358.0	25	29	29	12	6
0	388.4	47	26	19	6	2
0	401.5	50	27	15	8	1
0	401.1	35	34	18	11	3
0	374.2	26	36	26	8	4
0	379.7	38	33	21	5	3
0	376.3	36	33	23	5	2
0	375.6	28	32	24	13	3
0	365.4	21	35	28	13	3
0	438.8	55	33	8	3	1
0	378.4	34	35	23	6	2
0	375.3	35	31	25	6	2
0	422.6	51	35	12	3	0
0	363.9	18	36	26	16	4
0	361.4	29	26	28	9	8
0	519.0	89	5	5	0	0
0	*	*	*	*	*	*
0	323.5	5	25	34	26	10
0	395.4	43	27	16	10	5
0	*	*	*	*	*	*
0	297.5	2	13	27	37	21
0	333.2	3	33	46	12	5
0	390.9	33	40	18	7	2
0	419.2	48	39	10	3	0
0	325.8	6	26	29	30	10
0	346.2	13	33	30	22	3
0	377.9	37	35	20	6	2
0	*	*	*	*	*	*
0	337.5	12	25	39	14	10
0	372.0	30	35	28	5	2
0	360.1	24	31	29	7	9
0	362.9	23	37	31	7	3
0	328.3	7	24	42	16	11
0	346.5	19	26	32	10	13
0	363.8	28	28	28	10	6
0	351.1	14	37	38	8	4
0	348.7	17	27	39	11	6
0	*	*	*	*	*	*
0	*	*	*	*	*	*
0	*	*	*	*	*	*
0	364.8	31	30	27	8	4
0	*	*	*	*	*	*
0	299.0	1	13	29	46	11
0	297.3	1	12	28	42	17
0	388.7	27	48	16	8	1
0	335.8	10	28	32	22	8
0	322.7	4	19	53	12	11
0	291.6	0	12	23	50	15
0	333.3	8	29	40	14	9
0	349.7	14	31	43	9	3
0	290.6	1	9	26	47	17
0	325.3	3	22	52	12	11
0	293.5	1	12	27	38	22
0	342.7	12	32	28	24	4
0	287.8	1	9	22	44	23
0	346.4	21	28	27	12	12
0	356.3	25	30	28	11	6
0	279.8	0	5	20	56	19
0	*	*	*	*	*	*
0	*	*	*	*	*	*
0	*	*	*	*	*	*
0	*	*	*	*	*	*
0	368.9	31	27	27	9	5
0	354.4	18	36	33	8	5
0	290.7	6	11	26	17	40
0	331.4	8	21	47	17	8
0	327.5	7	24	41	17	11
0	340.6	11	26	44	13	5
0	346.5	19	26	32	10	13
0	346.4	15	31	36	11	7
0	362.3	25	30	32	8	4
0	*	*	*	*	*	*
0	*	*	*	*	*	*
0	*	*	*	*	*	*
0	*	*	*	*	*	*
0	325.4	10	22	27	34	8
0	347.0	14	29	26	23	8
0	323.9	9	22	29	27	13
0	328.4	4	27	49	12	8
0	290.6	1	10	24	48	17
0	317.7	5	22	32	29	12
0	350.3	14	35	26	21	4
0	329.1	7	25	41	16	10
0	328.7	7	33	24	31	5
0	323.8	15	21	29	30	6
0	340.0	18	23	25	28	6
0	328.6	7	33	26	28	6
0	351.0	16	34	26	21	3
0	348.4	24	23	28	23	2
0	349.0	13	38	32	15	2
0	329.9	21	20	23	26	11
0	328.9	11	25	23	30	11
0	307.5	6	21	23	32	19
0	*	*	*	*	*	*
0	338.4	18	27	25	21	9
0	310.8	6	19	32	29	13
0	342.4	16	29	27	16	11
0	341.1	17	29	25	22	7
0	318.5	10	22	26	25	17
0	313.3	6	17	34	32	12
0	294.3	0	15	30	33	21
0	306.9	4	15	34	35	12
0	312.5	7	17	34	30	11
0	318.8	9	22	30	27	12
0	317.5	5	26	33	24	12
0	301.1	1	16	34	37	11
0	296.3	3	15	30	35	17
0	300.6	1	12	35	42	10
0	302.8	2	13	34	38	12
0	310.3	6	17	34	32	12
0	367.1	23	33	28	16	1
0	350.8	27	25	31	16	2
0	384.5	33	31	23	13	1
0	364.0	32	29	25	13	1
0	355.7	31	30	20	13	6
0	381.0	28	39	16	13	3
0	375.8	33	23	22	19	3
0	357.4	30	24	25	11	10
0	371.4	29	30	29	11	1
0	366.0	31	19	25	17	9
0	317.8	9	23	25	23	21
0	351.2	21	29	29	13	8
0	346.7	18	26	39	14	4
0	320.8	7	23	33	17	20
0	300.7	3	12	27	32	26
0	342.0	12	33	40	13	2
0	*	*	*	*	*	*
0	306.9	3	19	31	39	8
0	348.3	13	39	35	13	1
0	315.1	10	12	31	27	20
0	324.7	5	29	38	10	19
0	335.5	10	29	43	14	4
0	320.8	8	17	29	33	13
0	312.1	5	18	29	38	9
0	311.8	6	16	31	25	22
0	404.6	47	30	14	8	2
0	379.8	36	34	18	7	5
0	370.3	30	33	26	8	4
0	428.3	53	25	14	7	1
0	400.0	56	26	14	3	1
0	417.2	58	24	11	5	1
0	421.6	44	33	15	7	2
0	392.3	35	39	20	4	2
0	388.2	43	35	17	3	1
0	388.3	34	34	21	9	2
0	383.0	40	36	19	3	1
0	383.2	35	38	20	4	1
0	375.3	25	38	26	10	2
0	440.2	55	33	9	3	1
0	365.4	19	37	25	16	4
0	374.7	36	27	24	6	6
0	493.8	82	12	3	1	1
0	330.6	7	29	34	22	8
0	*	*	*	*	*	*
0	414.7	52	26	13	7	3
0	377.5	37	33	24	5	2
0	424.5	52	35	11	2	0
0	*	*	*	*	*	*
0	345.2	16	27	38	12	7
0	378.3	34	35	25	4	2
0	350.1	14	34	29	20	3
0	337.4	5	36	44	10	5
0	*	*	*	*	*	*
0	381.0	38	37	19	5	2
0	374.0	29	38	26	5	2
0	372.0	32	30	25	6	8
0	434.0	53	35	8	4	1
0	*	*	*	*	*	*
0	305.1	3	17	28	34	18
0	397.0	36	38	17	6	2
0	340.8	13	30	38	11	8
0	329.4	6	28	29	28	8
0	299.8	1	14	30	39	17
0	346.6	15	34	35	9	7
0	339.7	11	30	31	20	8
0	296.7	1	12	25	49	13
0	397.1	33	45	14	7	1
0	365.0	29	28	28	7	8
0	356.9	19	32	39	8	3
0	*	*	*	*	*	*
0	*	*	*	*	*	*
0	368.2	32	33	26	6	3
0	329.6	7	22	55	9	8
0	305.3	2	16	31	42	9
0	357.1	22	30	35	8	6
0	359.0	20	37	33	7	3
0	*	*	*	*	*	*
0	375.8	35	29	24	7	4
0	*	*	*	*	*	*
0	*	*	*	*	*	*
0	305.6	0	6	59	24	12
0	*	*	*	*	*	*
0	364.9	26	35	29	6	4
0	375.7	36	27	25	7	5
0	284.1	1	7	22	52	17
0	325.3	3	27	45	11	14
0	306.5	8	23	15	15	38
0	337.7	11	23	45	15	7
0	308.5	13	16	25	10	36
0	351.2	15	34	26	21	4
0	294.9	1	10	29	44	16
0	297.2	1	13	29	36	20
0	341.6	13	32	36	11	8
0	289.7	1	11	21	43	24
0	361.8	29	29	24	9	9
0	359.1	26	31	28	10	5
0	351.1	15	31	25	22	7
0	329.3	10	24	29	25	12
0	295.6	1	11	28	46	15
0	325.0	6	26	32	25	11
0	359.8	19	36	24	18	3
0	364.5	29	28	28	7	9
0	347.7	15	28	41	11	5
0	301.1	0	5	50	23	23
0	*	*	*	*	*	*
0	296.9	8	17	8	29	38
0	331.9	11	24	27	31	7
0	331.6	5	30	46	10	9
0	356.2	21	32	33	9	5
0	369.7	30	31	29	6	4
0	347.5	17	25	25	17	17
0	342.3	13	31	37	11	8
0	324.1	14	22	26	30	7
0	329.7	9	31	23	29	7
0	333.9	12	30	27	24	7
0	343.9	20	22	24	26	7
0	351.1	26	23	26	23	2
0	360.1	22	38	26	13	2
0	344.7	16	30	25	26	4
0	333.1	11	28	24	25	11
0	331.8	23	19	21	24	12
0	342.3	21	25	22	22	9
0	313.6	8	23	20	29	20
0	*	*	*	*	*	*
0	311.7	8	17	29	30	15
0	356.4	24	31	20	15	10
0	343.0	22	25	22	23	8
0	326.8	14	23	25	23	15
0	308.8	7	15	32	30	15
0	309.5	4	20	31	33	13
0	312.6	6	15	36	30	11
0	311.5	7	16	33	32	12
0	323.3	12	24	26	23	14
0	330.3	12	29	28	19	12
0	303.9	5	18	25	38	14
0	307.0	8	21	25	28	18
0	302.7	2	14	36	34	14
0	309.3	7	16	31	32	14
0	307.8	4	15	35	32	13
0	412.8	57	28	11	2	2
0	442.9	67	23	7	4	0
0	471.4	73	17	8	2	0
0	398.0	46	33	17	4	1
0	424.6	71	19	8	2	0
0	449.2	73	17	7	2	0
0	462.7	62	26	8	4	0
0	416.0	49	37	12	2	0
0	410.6	62	28	8	1	1
0	403.2	56	31	12	1	0
0	424.3	52	29	14	4	1
0	468.5	71	20	6	2	0
0	393.8	34	38	20	7	1
0	402.0	48	34	14	4	0
0	394.2	48	31	18	2	1
0	449.9	68	24	6	2	0
0	*	*	*	*	*	*
0	332.8	7	30	35	20	8
0	439.5	61	24	9	4	2
0	377.7	23	40	23	11	3
0	395.2	49	25	18	4	4
0	497.6	87	9	4	0	0
0	414.1	45	35	15	4	1
0	342.6	11	33	39	8	8
0	329.9	8	26	31	27	9
0	306.7	1	15	41	31	12
0	*	*	*	*	*	*
0	451.7	64	26	6	4	0
0	355.7	17	35	28	18	2
0	*	*	*	*	*	*
0	360.5	23	34	31	9	4
0	386.3	41	33	22	3	1
0	392.8	47	34	14	4	1
0	394.3	42	33	16	5	3
0	394.1	39	45	14	1	0
0	371.9	27	33	32	6	2
0	380.9	36	29	24	5	6
0	381.5	42	32	20	4	2
0	371.2	30	31	29	7	4
0	391.6	45	28	20	5	3
0	373.9	29	37	28	4	2
0	320.6	0	7	73	13	7
0	309.2	4	17	30	42	8
0	414.0	43	43	10	4	0
0	302.3	7	13	13	53	13
0	307.7	2	16	34	37	11
0	355.5	18	41	30	5	5
0	346.1	14	31	30	19	7
0	303.0	2	17	26	37	17
0	345.0	15	35	28	14	8
0	300.1	2	16	23	39	20
0	376.2	36	31	21	6	6
0	374.3	36	32	22	7	3
0	298.4	2	10	34	38	16
0	370.3	23	37	22	15	2
0	289.0	1	9	27	49	14
0	*	*	*	*	*	*
0	375.8	35	32	27	4	3
0	395.8	49	26	16	5	5
0	318.3	11	24	29	6	30
0	350.2	18	24	42	10	5
0	362.5	23	29	36	8	3
0	381.2	36	29	23	5	6
0	369.4	29	33	29	6	3
0	382.2	38	31	24	5	3
0	348.5	19	25	25	26	5
0	382.8	29	38	19	12	2
0	344.3	16	27	26	22	9
0	321.5	4	12	62	15	8
0	300.8	4	10	30	42	14
0	327.0	5	27	36	23	9
0	369.3	23	31	24	17	5
0	345.1	13	35	35	9	8
0	312.1	7	21	29	36	7
0	329.9	28	11	17	39	6
0	385.9	33	25	29	13	0
0	352.8	13	27	47	13	0
0	365.5	18	43	21	18	0
0	361.1	15	48	30	7	0
0	357.7	26	30	30	15	0
0	364.8	33	30	11	26	0
0	371.0	19	37	37	4	4
0	347.8	23	28	21	15	13
0	323.3	8	33	20	15	25
0	*	*	*	*	*	*
0	359.9	26	30	17	25	2
0	355.1	22	33	20	12	14
0	341.5	16	31	24	20	8
0	330.2	13	17	39	26	4
0	*	*	*	*	*	*
0	307.2	8	8	46	23	15
0	355.3	24	24	24	29	0
0	334.0	12	41	20	10	17
0	334.4	15	24	35	15	11
0	303.8	4	20	28	28	20
0	316.8	8	23	23	46	0
0	305.7	0	7	47	40	7
0	306.2	3	6	47	34	9
0	334.3	17	18	32	30	3
0	399.2	44	42	13	1	0
0	428.0	57	31	9	3	0
0	452.7	64	27	8	1	0
0	381.1	31	44	24	1	0
0	408.9	63	29	7	0	0
0	433.2	69	23	7	1	0
0	429.6	45	37	13	4	0
0	388.1	38	44	16	1	0
0	385.9	28	46	24	2	0
0	379.0	32	44	22	2	0
0	386.5	31	37	25	7	0
0	372.0	24	46	27	3	1
0	371.6	21	40	29	8	1
0	426.2	47	34	13	5	1
0	358.2	14	37	29	17	3
0	363.5	26	30	33	7	4
0	525.7	86	14	0	0	0
0	336.1	5	32	40	20	3
0	394.7	40	31	18	8	2
0	*	*	*	*	*	*
0	401.1	39	37	20	5	0
0	363.5	23	38	33	5	1
0	328.6	7	25	34	30	4
0	368.0	24	44	26	5	1
0	*	*	*	*	*	*
0	325.1	5	21	53	16	5
0	315.6	3	22	37	29	10
0	427.5	45	45	5	0	5
0	386.5	30	39	19	9	3
0	335.4	8	28	46	12	6
0	333.2	11	21	42	17	9
0	360.4	19	37	37	6	2
0	357.9	23	30	30	7	10
0	358.1	23	28	42	7	0
0	321.4	3	25	32	32	8
0	305.2	1	16	33	38	12
0	342.8	11	28	47	10	4
0	353.6	21	28	35	9	8
0	361.0	24	31	32	9	4
0	349.2	15	29	43	8	5
0	347.0	13	31	42	10	4
0	*	*	*	*	*	*
0	*	*	*	*	*	*
0	357.8	21	34	36	6	2
0	*	*	*	*	*	*
0	342.5	10	32	43	10	5
0	331.2	9	26	32	22	10
0	383.4	29	40	17	12	2
0	324.4	0	18	68	0	14
0	302.2	1	13	31	44	10
0	296.4	1	10	29	48	11
0	283.3	0	7	21	54	18
0	296.6	0	8	36	45	11
0	326.4	0	27	52	9	11
0	331.6	9	28	29	29	5
0	295.3	1	11	30	38	19
0	338.6	8	31	45	10	5
0	*	*	*	*	*	*
0	*	*	*	*	*	*
0	*	*	*	*	*	*
0	*	*	*	*	*	*
0	352.6	16	35	38	7	4
0	360.2	24	28	35	8	5
0	309.5	11	19	28	10	33
0	328.8	7	19	49	18	7
0	292.6	1	12	22	44	20
0	353.4	21	30	30	11	7
0	347.6	15	32	38	11	4
0	344.5	12	30	29	24	6
0	335.2	9	23	48	15	6
0	352.8	21	28	34	9	9
0	*	*	*	*	*	*
0	344.0	14	29	40	12	6
0	355.6	18	32	39	7	4
0	*	*	*	*	*	*
0	*	*	*	*	*	*
0	320.2	8	21	30	28	14
0	338.9	12	30	27	26	5
0	332.5	4	30	40	22	4
0	325.6	1	24	56	8	11
0	298.2	0	10	34	44	11
0	314.6	6	17	29	39	8
0	*	*	*	*	*	*
0	338.2	9	30	45	11	6
0	*	*	*	*	*	*
0	*	*	*	*	*	*
0	326.9	0	50	21	14	14
0	350.6	33	22	6	33	6
0	363.7	35	23	17	23	2
0	375.5	26	40	17	14	3
0	356.6	25	36	17	17	5
0	352.3	36	24	14	12	14
0	353.5	19	33	21	20	8
0	344.1	12	31	22	26	8
0	378.1	34	36	17	9	5
0	*	*	*	*	*	*
0	335.4	13	31	23	26	8
0	395.0	42	34	14	8	1
0	389.7	41	36	16	3	5
0	366.9	26	36	25	6	7
0	339.5	11	32	33	17	7
0	318.3	0	40	27	27	7
0	321.1	9	15	44	25	7
0	335.4	11	27	40	17	4
0	364.1	25	41	20	8	5
0	356.3	15	42	30	11	4
0	341.2	15	34	28	19	4
0	324.0	15	22	22	33	7
0	323.1	8	23	31	36	3
0	334.7	12	29	32	21	7
0	321.5	7	21	37	29	6
0	321.7	6	27	33	16	18
0	341.9	17	29	24	23	7
0	351.3	19	28	30	19	5
0	307.4	5	15	38	21	21
0	332.8	10	23	40	22	5
0	352.6	24	29	24	18	5
0	349.3	14	32	30	18	7
0	326.9	6	25	38	20	11
0	332.7	9	24	41	15	11
0	331.9	12	21	43	17	8
0	338.3	16	20	32	23	9
0	336.2	11	27	34	23	6
0	326.3	9	27	32	19	14
0	*	*	*	*	*	*
0	359.1	20	28	26	20	6
0	318.1	9	18	33	15	24
0	*	*	*	*	*	*
0	323.7	8	25	33	20	14
0	308.3	3	15	34	37	11
0	337.3	20	26	16	24	14
0	280.8	0	9	17	39	35
0	*	*	*	*	*	*
0	311.2	0	24	24	33	18
0	328.1	9	25	34	23	9
0	317.1	3	24	35	26	12
0	*	*	*	*	*	*
0	327.5	7	23	42	18	10
0	316.8	9	26	17	17	30
0	*	*	*	*	*	*
0	314.3	6	22	21	39	12
0	284.2	0	5	25	51	19
0	331.4	7	22	48	19	4
0	303.1	7	10	35	13	36
0	317.4	12	14	29	26	18
0	318.6	5	20	35	26	14
0	*	*	*	*	*	*
0	*	*	*	*	*	*
0	284.7	0	8	27	45	20
0	318.1	8	19	32	21	18
0	327.5	3	41	21	24	10
0	317.6	8	8	53	13	20
0	*	*	*	*	*	*
0	*	*	*	*	*	*
0	*	*	*	*	*	*
0	325.5	5	37	26	26	5
0	308.8	0	14	45	23	18
0	300.7	5	2	42	30	21
0	283.4	0	3	28	53	15
0	336.8	15	8	62	15	0
0	319.8	5	17	44	22	12
0	259.8	0	0	10	24	67
0	315.6	0	17	52	9	22
0	290.9	0	0	38	55	7
0	307.0	7	23	18	24	29
0	302.1	5	13	32	28	23
0	323.4	10	19	25	36	11
0	300.3	6	11	30	14	38
0	324.7	4	22	49	14	12
0	336.8	15	10	55	20	0
0	322.5	6	21	40	22	12
0	291.5	1	9	29	44	16
0	*	*	*	*	*	*
0	*	*	*	*	*	*
0	312.1	4	19	33	27	16
0	312.5	3	15	42	22	19
0	325.5	5	37	26	26	5
0	*	*	*	*	*	*
0	302.7	3	13	30	38	16
0	325.9	5	32	26	37	0
0	289.9	5	0	50	30	15
0	314.9	3	27	27	30	13
0	342.3	9	35	39	13	4
0	313.2	11	11	30	44	4
0	339.4	5	45	35	15	0
0	324.1	0	35	35	25	5
0	332.1	5	27	41	23	5
0	319.7	24	16	12	32	16
0	282.6	0	14	29	33	24
0	265.4	9	0	18	36	36
0	318.7	14	21	14	50	0
0	*	*	*	*	*	*
0	325.4	29	7	21	14	29
0	293.3	13	0	25	38	25
0	*	*	*	*	*	*
0	*	*	*	*	*	*
0	*	*	*	*	*	*
0	*	*	*	*	*	*
0	*	*	*	*	*	*
0	278.8	8	8	15	38	31
0	*	*	*	*	*	*
0	*	*	*	*	*	*
0	311.3	9	9	27	27	27
0	*	*	*	*	*	*
0	354.9	0	69	6	25	0
0	317.7	0	25	50	13	13
0	349.4	17	28	22	33	0
0	334.6	11	22	44	22	0
0	*	*	*	*	*	*
0	*	*	*	*	*	*
0	*	*	*	*	*	*
0	*	*	*	*	*	*
0	*	*	*	*	*	*
0	*	*	*	*	*	*
0	*	*	*	*	*	*
0	*	*	*	*	*	*
0	*	*	*	*	*	*
0	*	*	*	*	*	*
0	*	*	*	*	*	*
0	*	*	*	*	*	*
0	*	*	*	*	*	*
0	*	*	*	*	*	*
0	*	*	*	*	*	*
0	*	*	*	*	*	*
0	*	*	*	*	*	*
0	*	*	*	*	*	*
0	*	*	*	*	*	*
0	407.5	52	32	11	3	2
0	434.8	62	26	8	3	0
0	482.8	77	16	5	1	0
0	399.0	49	30	16	4	1
0	423.4	72	18	8	2	0
0	454.9	79	15	4	1	0
0	473.6	68	23	6	2	0
0	420.6	54	34	10	1	0
0	410.7	62	27	9	1	0
0	409.0	64	27	8	1	0
0	435.6	62	28	8	2	0
0	417.6	49	38	11	2	0
0	417.1	61	30	8	1	0
0	456.3	63	31	5	1	0
0	403.0	35	41	16	7	1
0	416.8	64	23	10	2	1
0	413.6	65	24	8	1	0
0	434.4	58	32	9	1	0
0	352.7	11	42	32	12	3
0	477.9	80	14	4	1	1
0	510.0	93	5	2	0	0
0	364.9	26	39	28	5	3
0	341.9	10	40	21	23	6
0	*	*	*	*	*	*
0	357.6	9	60	30	0	1
0	452.1	58	36	4	2	0
0	407.5	41	38	15	5	1
0	372.5	31	36	28	4	2
0	404.1	54	32	13	1	0
0	374.2	23	42	24	10	1
0	411.2	64	28	6	1	0
0	*	*	*	*	*	*
0	413.9	55	30	13	1	2
0	396.8	43	44	11	2	0
0	365.9	18	40	24	15	3
0	321.8	4	22	34	32	8
0	378.0	31	38	27	3	1
0	400.4	47	31	18	2	2
0	*	*	*	*	*	*
0	331.3	5	30	37	25	3
0	417.1	60	27	10	2	1
0	381.9	36	39	23	2	0
0	393.9	44	34	18	2	1
0	400.3	58	30	10	1	1
0	*	*	*	*	*	*
0	363.2	19	38	29	12	3
0	412.0	40	46	10	4	0
0	322.7	2	23	37	35	4
0	336.9	6	18	71	6	0
0	370.8	31	40	18	5	5
0	370.5	28	46	20	4	3
0	357.7	13	47	36	4	0
0	316.3	3	20	34	32	12
0	375.8	23	41	23	12	1
0	314.7	3	21	37	29	11
0	*	*	*	*	*	*
0	*	*	*	*	*	*
0	417.3	62	25	10	1	1
0	388.8	44	36	17	2	1
0	303.6	2	15	30	42	11
0	*	*	*	*	*	*
0	356.9	33	22	21	3	22
0	361.9	22	34	35	7	3
0	319.0	7	24	26	34	10
0	398.1	50	31	14	3	2
0	394.9	50	33	14	3	1
0	404.1	37	38	16	8	2
0	370.9	27	36	31	4	2
0	401.6	48	31	17	2	2
0	*	*	*	*	*	*
0	318.6	2	22	35	32	9
0	*	*	*	*	*	*
0	381.4	38	36	22	3	1
0	403.3	52	32	14	2	1
0	*	*	*	*	*	*
0	384.0	27	42	20	10	1
0	355.8	10	53	36	2	1
0	351.1	11	42	30	14	4
0	372.1	24	36	25	13	2
0	360.1	19	33	28	15	4
0	367.2	27	41	24	5	3
0	326.2	6	31	34	22	6
0	376.5	19	46	23	12	0
0	350.7	20	31	21	27	1
0	367.5	20	44	22	10	4
0	367.0	31	29	31	9	0
0	390.6	32	32	19	14	3
0	378.2	30	42	22	6	0
0	359.4	16	41	19	22	3
0	349.8	29	10	33	26	2
0	*	*	*	*	*	*
0	368.3	33	25	25	5	12
0	363.2	24	24	28	16	8
0	393.0	44	32	12	4	8
0	387.3	41	15	30	11	4
0	323.1	0	36	36	18	9
0	342.1	4	43	30	22	0
0	352.5	23	20	32	20	5
0	331.2	0	31	46	23	0
0	320.4	0	42	25	17	17
0	330.1	15	10	45	20	10
0	*	*	*	*	*	*
0	339.6	8	46	31	0	15
0	325.9	17	28	17	28	11
0	*	*	*	*	*	*
0	333.9	7	34	32	22	5
0	325.1	0	34	43	17	6
0	402.4	38	31	31	0	0
0	357.2	23	38	15	23	0
0	398.4	56	29	13	2	0
0	443.8	62	26	8	4	0
0	389.9	54	22	15	7	1
0	454.0	69	26	0	4	0
0	467.4	71	19	8	2	0
0	397.4	56	22	10	10	2
0	419.8	75	6	19	0	0
0	511.7	94	6	0	0	0
0	*	*	*	*	*	*
0	*	*	*	*	*	*
0	*	*	*	*	*	*
0	*	*	*	*	*	*
0	*	*	*	*	*	*
0	*	*	*	*	*	*
0	*	*	*	*	*	*
0	*	*	*	*	*	*
0	*	*	*	*	*	*
0	*	*	*	*	*	*
0	*	*	*	*	*	*
0	364.4	27	32	22	15	5
0	344.1	16	32	28	14	10
0	331.1	11	25	36	18	10
0	380.9	32	29	22	14	3
0	361.3	28	29	28	11	4
0	379.6	38	29	20	12	2
0	375.4	25	33	22	15	4
0	352.6	15	34	33	12	7
0	354.6	20	34	31	10	6
0	352.3	19	34	32	10	5
0	351.6	17	31	30	18	5
0	347.7	13	32	32	18	5
0	404.2	37	37	16	8	1
0	350.2	17	35	31	12	5
0	369.6	32	28	20	13	8
0	*	*	*	*	*	*
0	312.6	3	20	33	31	13
0	385.9	29	40	25	6	0
0	348.3	19	30	34	12	6
0	342.0	11	31	29	23	7
0	340.6	19	24	32	12	14
0	*	*	*	*	*	*
0	364.4	20	39	24	12	5
0	373.1	20	50	15	10	5
0	326.0	7	22	40	17	13
0	314.3	4	21	28	34	13
0	325.0	7	24	32	32	6
0	352.8	20	35	28	12	5
0	290.2	1	10	25	39	25
0	270.8	8	8	8	23	54
0	330.1	3	31	48	9	9
0	353.6	18	33	37	9	4
0	326.1	8	20	40	18	14
0	334.9	10	20	52	12	6
0	346.9	21	27	29	9	14
0	333.4	15	22	33	12	19
0	338.3	9	26	46	13	6
0	339.0	11	31	37	13	8
0	335.1	11	23	41	14	10
0	319.7	3	18	53	12	14
0	284.6	1	7	23	51	19
0	*	*	*	*	*	*
0	*	*	*	*	*	*
0	341.1	16	27	35	13	8
0	344.7	19	25	32	14	10
0	*	*	*	*	*	*
0	*	*	*	*	*	*
0	292.8	2	11	25	48	14
0	293.8	1	11	26	43	19
0	329.5	9	24	40	16	12
0	367.8	22	41	20	16	2
0	321.3	7	24	30	25	14
0	289.1	1	11	25	37	26
0	324.8	7	27	28	31	7
0	324.0	6	22	40	17	14
0	283.9	1	7	20	47	25
0	332.0	16	24	27	15	18
0	330.1	12	25	33	18	12
0	278.1	0	6	18	54	21
0	275.1	7	7	7	21	57
0	*	*	*	*	*	*
0	*	*	*	*	*	*
0	*	*	*	*	*	*
0	287.7	0	8	26	47	19
0	316.4	2	20	44	15	19
0	339.1	16	22	34	15	13
0	341.5	12	31	37	11	8
0	322.2	6	17	44	21	12
0	289.7	6	11	25	14	44
0	328.3	7	20	45	18	10
0	333.2	15	22	32	11	19
0	333.1	10	25	39	15	11
0	341.8	14	26	38	13	9
0	286.4	1	8	25	48	19
0	324.4	3	25	48	11	13
0	307.4	3	17	31	33	16
0	278.5	10	5	5	25	55
0	*	*	*	*	*	*
0	294.0	0	0	43	21	36
0	*	*	*	*	*	*
0	305.1	4	15	26	42	12
0	325.3	8	24	27	30	11
0	308.0	5	18	27	31	19
0	326.1	7	23	40	17	13
0	330.0	9	29	27	29	6
0	327.3	7	32	25	31	6
0	310.8	10	17	29	36	8
0	326.0	13	20	26	33	9
0	327.7	9	30	28	26	7
0	344.3	14	30	28	24	3
0	346.3	13	35	33	17	2
0	331.9	16	21	31	30	2
0	313.6	16	17	23	29	15
0	324.9	10	26	24	30	12
0	316.5	13	23	24	26	14
0	301.0	6	20	20	31	24
0	*	*	*	*	*	*
0	301.6	5	16	27	35	17
0	326.7	14	25	24	25	12
0	340.4	17	28	23	19	13
0	293.2	1	12	26	38	22
0	308.0	9	18	24	29	20
0	304.3	6	15	29	32	18
0	308.9	8	14	31	34	14
0	310.7	9	19	27	29	16
0	298.3	5	9	33	35	18
0	315.4	7	23	31	24	15
0	293.9	1	10	29	43	16
0	287.6	3	12	26	35	24
0	297.1	4	12	27	45	12
0	303.5	6	14	29	35	16
0	295.8	3	10	30	39	18
0	368.2	24	32	27	16	1
0	344.1	23	24	31	20	2
0	357.7	29	26	28	16	2
0	382.6	32	30	23	14	1
0	381.0	31	33	18	14	4
0	343.4	24	26	25	17	8
0	343.6	24	23	23	14	16
0	367.5	30	22	20	19	8
0	353.1	24	21	23	20	12
0	351.1	20	26	32	16	6
0	339.6	17	26	29	19	10
0	318.1	10	20	26	23	21
0	*	*	*	*	*	*
0	312.4	2	24	32	17	24
0	*	*	*	*	*	*
0	328.7	11	22	34	28	6
0	*	*	*	*	*	*
0	332.2	13	28	32	19	8
0	302.8	7	8	35	22	28
0	316.3	13	12	28	22	25
0	336.6	12	31	34	20	3
0	317.2	8	22	22	35	13
0	327.5	15	20	22	26	17
0	320.7	8	21	40	20	11
0	320.2	5	20	43	18	15
0	311.1	8	13	33	21	25
0	321.7	11	22	21	31	15
0	356.5	23	31	23	17	6
0	346.8	17	32	29	12	10
0	334.3	13	26	35	17	10
0	375.5	30	28	23	15	4
0	367.4	31	30	27	9	3
0	378.8	38	29	20	10	3
0	368.7	23	33	23	17	6
0	352.5	15	33	32	12	7
0	357.5	20	36	30	9	4
0	354.9	20	35	31	10	4
0	345.6	14	31	30	20	5
0	353.1	18	35	32	10	5
0	344.3	12	31	32	20	5
0	400.6	37	40	17	4	3
0	335.6	9	29	28	26	8
0	344.1	21	25	29	12	14
0	351.9	21	31	32	11	5
0	310.0	3	20	32	31	15
0	369.7	31	29	19	13	7
0	387.4	32	42	18	7	1
0	354.6	21	36	27	9	6
0	320.0	6	23	29	35	7
0	359.7	23	32	34	7	4
0	322.0	5	19	45	18	14
0	343.2	20	25	30	10	15
0	*	*	*	*	*	*
0	284.4	0	10	20	44	26
0	339.0	0	41	53	6	0
0	*	*	*	*	*	*
0	*	*	*	*	*	*
0	346.7	17	26	24	26	7
0	324.6	7	21	41	18	13
0	318.6	5	25	26	31	14
0	286.8	1	7	25	41	25
0	330.0	8	29	37	15	11
0	309.2	3	18	34	27	18
0	353.1	14	43	24	14	5
0	282.9	0	2	23	50	25
0	339.6	14	21	57	7	0
0	332.7	8	24	46	16	6
0	332.9	16	21	33	11	19
0	333.5	10	27	42	9	12
0	333.2	11	22	41	15	11
0	288.1	1	10	21	51	17
0	342.0	17	27	35	13	9
0	342.9	18	24	33	13	11
0	272.0	0	4	16	54	26
0	339.5	17	20	36	15	12
0	329.7	9	26	35	14	16
0	266.5	6	6	21	10	57
0	314.2	4	14	43	23	16
0	293.8	0	0	50	25	25
0	284.1	0	8	23	49	21
0	307.5	4	22	26	36	12
0	278.3	0	9	20	33	37
0	316.7	4	18	41	20	16
0	276.0	1	4	14	51	30
0	328.2	12	24	31	19	13
0	329.3	15	23	26	17	19
0	322.9	7	24	26	30	13
0	323.5	7	22	40	18	14
0	295.6	2	14	26	30	27
0	312.8	5	25	26	33	11
0	332.1	3	31	53	9	4
0	282.9	0	6	22	48	24
0	304.4	2	17	30	34	17
0	320.2	5	17	44	21	13
0	332.0	16	21	32	11	20
0	325.8	7	22	41	16	14
0	341.0	15	24	38	13	10
0	299.4	4	14	23	45	15
0	313.6	8	21	27	36	8
0	328.8	11	29	23	30	8
0	326.5	10	24	29	29	7
0	328.0	13	18	30	29	9
0	324.3	14	21	30	33	2
0	333.0	10	26	30	31	4
0	341.0	12	35	31	19	4
0	308.1	3	26	23	33	16
0	304.3	16	12	21	32	18
0	*	*	*	*	*	*
0	282.8	2	16	20	33	30
0	308.1	10	18	26	27	18
0	337.4	15	28	24	21	12
0	309.2	8	16	33	31	13
0	323.3	14	20	26	28	11
0	320.6	8	23	28	29	11
0	286.4	4	7	23	42	23
0	289.9	0	0	50	33	17
0	296.8	0	12	29	45	14
0	322.1	13	24	28	21	15
0	292.0	0	10	32	41	17
0	314.7	5	27	31	24	14
0	291.7	4	15	24	34	22
0	306.4	3	16	29	45	8
0	285.9	2	6	29	33	29
0	290.9	1	8	31	38	22
0	296.9	4	11	29	39	17
0	350.0	16	35	31	11	7
0	378.9	32	31	24	12	2
0	373.5	30	27	24	17	2
0	331.7	12	25	37	15	11
0	364.7	32	26	31	9	3
0	373.1	34	31	18	13	3
0	365.0	22	33	23	16	6
0	361.0	21	34	26	13	7
0	354.8	22	33	29	8	7
0	361.1	23	36	29	9	3
0	354.7	17	33	27	20	3
0	342.3	16	23	34	22	5
0	353.8	21	30	33	12	4
0	414.0	44	38	13	6	0
0	342.3	10	33	28	20	9
0	348.1	22	23	34	11	10
0	318.5	5	25	28	29	14
0	376.3	35	30	14	11	10
0	355.3	22	32	29	13	4
0	426.6	54	46	0	0	0
0	342.8	9	35	31	22	3
0	332.8	15	22	37	19	7
0	366.3	29	31	29	8	3
0	361.1	22	34	29	5	9
0	278.1	0	3	12	58	27
0	347.4	18	18	55	9	0
0	*	*	*	*	*	*
0	329.9	13	19	34	15	19
0	312.5	5	16	28	39	11
0	347.3	27	18	27	12	15
0	*	*	*	*	*	*
0	335.2	8	33	36	14	8
0	332.7	14	24	27	13	22
0	286.8	0	12	20	39	29
0	350.6	20	40	25	10	5
0	*	*	*	*	*	*
0	318.6	3	23	36	31	8
0	*	*	*	*	*	*
0	*	*	*	*	*	*
0	338.7	10	30	42	6	12
0	349.4	18	33	27	13	9
0	*	*	*	*	*	*
0	341.4	16	29	34	13	9
0	305.0	0	18	33	41	9
0	285.2	0	8	30	43	20
0	*	*	*	*	*	*
0	350.7	19	44	15	11	11
0	347.7	13	32	37	13	5
0	*	*	*	*	*	*
0	*	*	*	*	*	*
0	294.8	2	9	32	33	25
0	330.5	10	26	24	36	5
0	340.9	13	40	30	7	10
0	286.6	0	5	27	41	27
0	338.0	18	26	23	17	16
0	335.4	14	26	32	15	13
0	*	*	*	*	*	*
0	330.5	6	15	58	15	6
0	331.3	7	22	49	14	8
0	333.0	15	22	26	14	22
0	324.7	8	23	26	30	13
0	337.2	15	29	31	12	14
0	309.9	4	17	32	31	16
0	333.0	11	28	22	33	7
0	300.1	0	13	27	47	13
0	308.7	4	19	24	36	17
0	*	*	*	*	*	*
0	348.2	15	32	36	7	10
0	340.4	15	33	28	15	8
0	321.4	7	23	29	32	9
0	330.3	14	14	43	21	7
0	*	*	*	*	*	*
0	*	*	*	*	*	*
0	314.6	0	29	29	41	0
0	329.2	6	31	31	25	6
0	316.1	6	29	24	35	6
0	356.7	18	41	24	12	6
0	332.8	12	35	18	35	0
0	314.7	18	14	14	55	0
0	324.7	14	27	14	32	14
0	315.3	25	17	13	25	21
0	320.5	13	17	17	42	13
0	*	*	*	*	*	*
0	383.1	27	47	20	0	7
0	*	*	*	*	*	*
0	*	*	*	*	*	*
0	290.3	0	5	37	42	16
0	*	*	*	*	*	*
0	*	*	*	*	*	*
0	296.4	8	17	8	50	17
0	299.2	8	0	50	25	17
0	*	*	*	*	*	*
0	*	*	*	*	*	*
0	*	*	*	*	*	*
0	*	*	*	*	*	*
0	286.4	7	7	36	14	36
0	*	*	*	*	*	*
0	*	*	*	*	*	*
0	*	*	*	*	*	*
0	*	*	*	*	*	*
0	*	*	*	*	*	*
0	*	*	*	*	*	*
0	*	*	*	*	*	*
0	*	*	*	*	*	*
0	*	*	*	*	*	*
0	*	*	*	*	*	*
0	*	*	*	*	*	*
0	*	*	*	*	*	*
0	*	*	*	*	*	*
0	404.4	51	29	13	4	3
0	436.8	63	23	9	4	1
0	474.6	74	17	6	3	1
0	390.1	44	31	18	5	3
0	417.3	67	19	10	3	1
0	456.7	76	15	6	2	0
0	414.7	51	32	13	3	2
0	405.5	58	26	11	3	2
0	479.8	69	21	7	2	1
0	437.2	60	23	11	5	1
0	401.5	57	26	11	4	2
0	414.8	47	34	14	5	1
0	411.2	56	28	11	3	2
0	489.6	79	17	2	1	0
0	406.4	38	36	16	9	2
0	414.5	61	19	12	4	4
0	405.9	58	23	13	3	2
0	345.0	17	32	26	14	11
0	469.8	74	15	6	3	2
0	514.3	85	13	2	0	0
0	463.1	76	20	4	0	0
0	378.5	27	38	21	13	1
0	402.2	57	25	11	4	2
0	409.6	58	28	12	1	1
0	374.8	32	35	26	5	2
0	430.6	62	24	10	3	1
0	391.5	38	45	17	0	0
0	432.2	54	35	9	2	0
0	348.3	16	33	36	9	7
0	288.6	4	8	24	34	30
0	462.9	70	29	1	0	0
0	*	*	*	*	*	*
0	347.8	13	30	26	24	7
0	311.3	6	18	24	39	13
0	*	*	*	*	*	*
0	*	*	*	*	*	*
0	418.4	45	41	11	3	0
0	339.6	18	25	31	14	13
0	365.8	23	33	27	14	4
0	392.5	44	30	20	3	1
0	398.5	48	26	17	4	5
0	382.4	37	39	18	4	2
0	387.0	43	26	21	7	3
0	409.9	56	23	13	4	3
0	390.7	52	25	15	5	3
0	317.7	7	20	29	36	7
0	288.4	1	10	17	55	15
0	416.9	64	17	13	4	2
0	389.7	48	28	18	5	2
0	320.0	16	12	27	12	33
0	360.7	24	28	36	8	3
0	313.5	6	20	31	28	15
0	354.5	25	31	30	5	9
0	387.4	31	37	19	11	2
0	293.5	0	4	31	50	15
0	*	*	*	*	*	*
0	307.4	3	14	33	33	17
0	388.3	46	26	17	5	6
0	384.6	45	27	17	7	4
0	414.3	43	29	14	11	3
0	333.7	14	27	26	18	15
0	347.9	0	54	46	0	0
0	301.9	0	9	35	44	12
0	378.8	30	31	22	13	5
0	399.7	37	38	16	8	1
0	348.0	18	31	33	9	8
0	378.9	35	30	27	5	2
0	399.4	48	25	17	4	5
0	382.5	40	32	22	5	2
0	386.6	36	28	17	16	3
0	402.5	53	25	16	4	2
0	319.0	13	19	31	31	6
0	341.6	8	46	17	21	8
0	369.7	25	33	31	11	0
0	345.5	19	21	28	30	2
0	327.1	11	25	25	39	0
0	339.2	11	32	21	34	3
0	335.6	11	30	32	23	5
0	303.1	11	21	23	23	21
0	322.1	15	23	8	28	26
0	332.8	16	24	27	24	8
0	312.6	9	21	26	24	21
0	336.0	12	37	7	32	12
0	328.1	15	17	25	40	4
0	301.8	8	17	8	50	17
0	304.2	17	8	17	17	42
0	311.4	14	9	27	32	18
0	*	*	*	*	*	*
0	309.4	0	17	58	17	8
0	335.7	9	36	36	9	9
0	*	*	*	*	*	*
0	322.3	15	12	35	27	12
0	292.6	4	24	12	44	16
0	*	*	*	*	*	*
0	*	*	*	*	*	*
0	306.5	5	10	50	20	15
0	309.0	11	19	14	32	24
0	*	*	*	*	*	*
0	*	*	*	*	*	*
0	*	*	*	*	*	*
0	*	*	*	*	*	*
0	417.9	53	31	11	4	2
0	392.9	44	36	15	3	2
0	377.3	31	37	26	5	1
0	450.2	64	23	10	3	0
0	401.8	57	25	15	2	1
0	425.3	64	24	9	3	0
0	387.5	43	35	18	3	1
0	391.1	34	41	19	4	1
0	435.9	51	32	12	4	1
0	398.1	40	35	18	6	1
0	386.8	43	38	15	3	1
0	386.9	30	42	20	8	1
0	391.2	42	38	16	3	1
0	425.8	47	39	8	4	2
0	383.7	25	43	20	10	2
0	386.3	43	30	20	4	3
0	415.3	47	41	10	3	0
0	383.3	41	34	20	4	1
0	*	*	*	*	*	*
0	344.0	9	36	34	18	4
0	429.2	59	24	11	4	2
0	293.7	2	11	23	48	16
0	*	*	*	*	*	*
0	409.9	41	43	12	3	1
0	*	*	*	*	*	*
0	343.0	12	31	40	13	3
0	387.9	45	36	14	4	1
0	357.1	15	39	27	17	1
0	365.3	27	35	30	5	3
0	388.2	41	36	20	2	1
0	397.7	45	35	16	2	1
0	336.7	5	34	32	24	5
0	374.2	38	31	8	23	0
0	356.0	14	38	41	6	1
0	305.4	1	14	36	37	12
0	378.1	34	31	25	5	5
0	357.1	19	36	31	9	4
0	372.8	32	30	29	5	4
0	386.2	41	30	20	6	2
0	*	*	*	*	*	*
0	378.4	40	33	21	4	2
0	309.2	3	16	33	41	7
0	353.3	13	42	36	4	4
0	397.6	33	47	17	3	0
0	352.3	13	36	31	17	3
0	*	*	*	*	*	*
0	278.1	0	8	17	58	17
0	283.2	0	4	23	54	19
0	*	*	*	*	*	*
0	302.9	1	16	30	38	14
0	350.5	12	36	30	20	2
0	353.8	18	33	42	3	5
0	287.4	1	8	22	56	13
0	*	*	*	*	*	*
0	389.3	46	26	22	4	2
0	362.4	22	37	31	7	2
0	324.0	16	26	21	5	32
0	295.4	5	11	20	43	20
0	374.7	34	35	21	6	4
0	368.2	30	37	25	7	2
0	349.9	16	29	41	11	4
0	380.5	35	32	23	5	5
0	371.9	21	38	22	15	3
0	352.9	15	33	41	8	3
0	382.2	38	32	24	4	2
0	363.3	24	36	31	6	3
0	*	*	*	*	*	*
0	343.0	14	30	27	26	4
0	*	*	*	*	*	*
0	342.9	13	31	28	22	6
0	347.2	14	33	40	9	4
0	356.9	15	38	28	17	2
0	282.2	0	5	22	55	18
0	334.4	8	31	32	23	6
0	344.1	4	52	17	26	0
0	316.9	4	26	30	39	0
0	348.0	16	24	40	20	0
0	346.2	16	34	21	24	5
0	345.6	27	15	39	17	2
0	353.2	11	42	34	13	0
0	349.6	18	36	23	21	3
0	341.7	15	32	15	32	7
0	332.5	21	19	19	31	10
0	347.3	26	18	24	26	6
0	367.7	26	23	20	23	9
0	356.6	23	35	25	15	3
0	386.6	46	23	17	11	3
0	*	*	*	*	*	*
0	*	*	*	*	*	*
0	305.4	3	23	20	40	13
0	*	*	*	*	*	*
0	*	*	*	*	*	*
0	342.3	4	54	21	13	8
0	341.6	14	29	21	36	0
0	325.0	4	28	36	24	8
0	*	*	*	*	*	*
0	326.4	13	27	20	40	0
0	331.3	0	36	45	0	18
0	326.6	5	26	42	16	11
0	329.9	11	28	25	31	6
0	*	*	*	*	*	*
0	*	*	*	*	*	*
0	*	*	*	*	*	*
0	*	*	*	*	*	*
0	*	*	*	*	*	*
0	*	*	*	*	*	*
0	*	*	*	*	*	*
0	*	*	*	*	*	*
0	344.5	17	31	28	15	10
0	365.7	27	32	21	15	4
0	381.0	32	28	23	14	3
0	331.1	12	24	35	18	11
0	362.1	29	29	28	11	4
0	380.4	38	29	20	11	2
0	375.4	24	34	22	15	4
0	352.4	14	34	33	12	6
0	355.2	20	34	31	9	5
0	353.1	18	31	29	18	4
0	354.0	20	34	32	10	4
0	351.5	17	35	31	12	5
0	348.4	13	32	32	18	4
0	401.2	36	38	17	8	1
0	342.9	10	32	29	22	6
0	341.2	19	24	32	11	14
0	*	*	*	*	*	*
0	*	*	*	*	*	*
0	314.0	3	20	34	31	12
0	369.9	32	28	20	13	7
0	349.0	19	30	34	12	6
0	385.3	28	42	24	6	0
0	*	*	*	*	*	*
0	326.2	7	25	33	30	6
0	355.5	21	36	28	11	4
0	318.0	5	16	41	21	17
0	355.6	19	33	36	8	4
0	293.3	1	11	28	37	23
0	*	*	*	*	*	*
0	331.8	4	32	46	11	8
0	364.8	21	36	28	12	4
0	378.5	27	40	20	7	7
0	323.6	6	22	40	18	14
0	350.4	22	28	29	8	13
0	324.7	5	22	49	20	5
0	315.5	4	22	28	34	12
0	295.5	1	12	26	42	18
0	337.1	9	25	49	13	5
0	334.2	15	23	33	11	18
0	329.9	8	25	40	16	11
0	360.2	16	43	20	18	3
0	323.6	7	25	30	25	12
0	316.4	2	17	49	17	16
0	283.2	1	6	20	53	19
0	333.5	10	23	42	15	10
0	*	*	*	*	*	*
0	344.9	19	26	31	14	10
0	342.7	9	34	40	10	6
0	292.9	1	11	26	48	14
0	*	*	*	*	*	*
0	343.0	17	28	35	13	7
0	*	*	*	*	*	*
0	*	*	*	*	*	*
0	*	*	*	*	*	*
0	303.4	0	0	64	21	14
0	*	*	*	*	*	*
0	278.3	0	6	18	53	22
0	346.4	14	32	37	10	7
0	*	*	*	*	*	*
0	339.2	16	22	35	15	13
0	290.5	1	8	30	45	17
0	317.8	1	19	52	12	16
0	291.2	1	11	26	38	24
0	325.4	7	28	29	31	6
0	324.4	6	23	41	17	13
0	292.1	6	12	26	13	43
0	320.1	5	16	46	22	12
0	284.3	1	9	19	47	25
0	331.5	12	26	34	17	11
0	332.8	16	24	28	15	18
0	325.3	7	24	27	30	11
0	334.2	15	23	32	11	18
0	327.5	7	20	47	18	9
0	325.2	7	23	40	17	13
0	309.7	5	19	28	31	18
0	328.8	8	29	28	29	6
0	324.1	2	24	49	13	12
0	287.9	1	7	26	48	18
0	308.8	3	18	32	32	15
0	305.4	4	16	27	41	12
0	333.5	10	25	39	15	11
0	*	*	*	*	*	*
0	343.0	14	27	38	12	8
0	*	*	*	*	*	*
0	241.4	0	0	0	19	81
0	298.6	0	0	53	21	26
0	308.4	10	16	28	37	9
0	327.8	7	32	24	31	5
0	323.6	12	21	24	34	9
0	326.2	8	31	28	26	7
0	346.6	12	36	34	16	2
0	333.6	17	21	31	29	2
0	348.0	16	32	27	23	3
0	328.1	10	26	24	29	10
0	317.8	17	18	24	27	14
0	319.0	13	24	24	26	14
0	*	*	*	*	*	*
0	305.0	6	21	21	30	22
0	341.6	17	28	23	19	12
0	302.4	5	18	27	34	17
0	328.1	14	25	23	26	12
0	309.3	9	19	24	28	20
0	311.4	7	17	30	30	15
0	291.2	1	12	24	39	24
0	300.8	5	12	32	32	19
0	315.9	7	23	31	25	15
0	314.8	10	15	32	32	11
0	312.6	9	20	27	28	15
0	297.8	4	15	25	41	15
0	290.4	4	13	26	35	23
0	294.9	1	9	31	45	14
0	297.2	3	11	31	38	17
0	307.6	7	16	29	33	15
0	344.9	24	24	31	20	2
0	369.6	25	33	26	16	1
0	357.9	29	26	27	16	2
0	383.4	32	31	22	14	1
0	348.0	26	27	23	16	8
0	384.0	32	33	17	15	3
0	345.3	25	23	24	14	15
0	370.7	31	24	20	18	8
0	366.7	31	20	21	17	11
0	361.4	26	26	29	14	5
0	341.6	18	25	30	16	10
0	*	*	*	*	*	*
0	320.4	11	20	26	23	20
0	319.4	4	27	33	15	21
0	*	*	*	*	*	*
0	330.4	12	22	35	26	6
0	325.5	8	33	8	42	8
0	301.8	5	10	33	23	28
0	332.6	12	29	33	19	7
0	314.0	11	12	29	23	25
0	316.8	7	22	26	32	13
0	337.2	11	33	33	20	2
0	322.8	14	16	26	26	18
0	314.4	4	17	40	21	17
0	322.7	9	23	38	19	10
0	310.1	7	14	33	22	25
0	320.6	10	21	24	30	14
0	356.6	19	41	22	8	10
0	379.5	39	27	12	16	5
0	413.3	44	29	17	8	2
0	353.8	21	31	31	12	5
0	376.6	37	29	24	7	2
0	393.9	44	33	14	8	2
0	389.1	33	32	20	12	3
0	364.7	18	39	31	9	3
0	368.4	24	41	28	6	1
0	370.0	31	37	24	5	3
0	377.4	30	31	26	12	2
0	361.6	18	39	24	15	4
0	370.3	31	31	28	7	3
0	429.0	54	31	8	4	4
0	352.7	24	27	26	14	10
0	343.5	10	30	34	21	4
0	362.1	28	30	32	7	3
0	378.8	36	33	12	13	6
0	330.1	11	23	36	20	11
0	444.1	57	36	7	0	0
0	323.0	3	31	29	29	8
0	366.0	27	35	28	6	3
0	366.2	23	40	31	3	2
0	338.1	12	24	38	18	9
0	345.5	12	33	37	9	9
0	*	*	*	*	*	*
0	285.6	0	6	19	69	6
0	346.4	9	55	36	0	0
0	332.6	5	26	53	7	9
0	*	*	*	*	*	*
0	411.5	33	58	8	0	0
0	329.1	5	32	26	29	8
0	307.4	0	13	31	54	3
0	319.9	7	19	32	28	14
0	*	*	*	*	*	*
0	348.9	0	50	50	0	0
0	*	*	*	*	*	*
0	337.1	7	29	49	12	3
0	345.0	18	27	33	9	13
0	314.0	0	25	25	31	19
0	337.7	13	25	41	14	7
0	349.2	20	31	34	9	5
0	350.7	20	25	35	11	9
0	304.7	1	16	30	45	8
0	342.6	17	24	36	12	10
0	340.6	14	31	34	15	6
0	284.5	0	6	32	49	13
0	361.8	26	31	26	18	0
0	356.5	14	45	29	2	10
0	*	*	*	*	*	*
0	328.4	5	20	49	20	5
0	*	*	*	*	*	*
0	*	*	*	*	*	*
0	322.9	0	38	35	15	12
0	322.6	3	36	23	31	7
0	303.5	1	15	29	39	15
0	*	*	*	*	*	*
0	339.0	10	28	30	26	6
0	334.9	10	35	22	27	6
0	332.4	3	33	47	8	8
0	319.4	7	20	29	31	14
0	344.3	8	50	42	0	0
0	295.9	0	17	25	33	25
0	320.2	8	19	32	31	10
0	333.3	7	23	49	16	4
0	343.5	17	28	33	9	13
0	351.5	19	31	35	11	4
0	342.3	11	34	32	13	11
0	314.3	5	20	29	38	8
0	*	*	*	*	*	*
0	*	*	*	*	*	*
0	349.5	18	29	29	24	0
0	368.2	17	33	33	17	0
0	353.3	0	55	27	18	0
0	364.9	23	38	31	8	0
0	340.4	8	23	46	23	0
0	303.8	25	8	8	33	25
0	329.0	8	33	25	8	25
0	*	*	*	*	*	*
0	*	*	*	*	*	*
0	342.8	18	24	29	18	12
0	290.4	13	0	27	33	27
0	*	*	*	*	*	*
0	*	*	*	*	*	*
0	335.8	19	19	38	13	13
0	*	*	*	*	*	*
0	*	*	*	*	*	*
0	*	*	*	*	*	*
0	*	*	*	*	*	*
0	*	*	*	*	*	*
0	*	*	*	*	*	*
0	*	*	*	*	*	*
0	*	*	*	*	*	*
0	302.2	0	22	44	11	22
0	416.0	53	29	12	5	2
0	387.1	41	34	15	6	4
0	377.1	35	33	23	6	3
0	436.7	57	25	12	5	1
0	406.3	61	23	12	3	1
0	422.4	62	23	10	5	1
0	430.1	48	32	12	6	2
0	404.0	44	37	14	3	2
0	394.7	50	32	14	3	2
0	389.5	48	32	16	3	2
0	396.9	39	33	19	7	2
0	394.3	45	35	15	3	2
0	385.7	30	39	21	8	2
0	445.2	58	34	6	2	0
0	377.6	24	39	22	13	3
0	386.8	45	25	19	5	5
0	445.3	75	13	6	0	6
0	434.6	62	22	9	5	3
0	*	*	*	*	*	*
0	333.5	9	31	30	21	10
0	389.3	47	30	17	4	2
0	*	*	*	*	*	*
0	432.8	57	36	6	1	0
0	365.5	19	41	27	13	1
0	*	*	*	*	*	*
0	355.8	20	33	35	8	4
0	389.6	43	34	18	3	2
0	367.4	23	38	31	5	3
0	383.0	37	32	20	3	8
0	391.6	49	32	13	4	3
0	306.3	4	19	23	33	21
0	333.1	7	34	39	10	10
0	272.9	0	9	18	36	36
0	397.2	36	41	17	6	1
0	417.7	42	40	13	5	0
0	353.0	21	33	31	8	7
0	336.0	8	32	29	25	7
0	298.2	1	13	27	40	19
0	353.1	21	34	29	8	8
0	396.8	31	48	14	7	0
0	346.9	13	33	31	17	5
0	330.6	9	20	56	7	8
0	297.5	0	15	26	44	15
0	376.6	36	29	23	5	7
0	365.9	24	36	33	5	2
0	366.2	27	32	28	7	6
0	366.7	26	39	28	5	2
0	389.2	44	28	18	5	4
0	*	*	*	*	*	*
0	*	*	*	*	*	*
0	376.7	39	33	19	5	4
0	*	*	*	*	*	*
0	314.3	3	21	33	36	7
0	286.8	1	7	25	51	15
0	*	*	*	*	*	*
0	*	*	*	*	*	*
0	*	*	*	*	*	*
0	*	*	*	*	*	*
0	374.2	32	37	24	4	3
0	387.8	43	28	19	6	4
0	347.0	15	27	41	11	5
0	316.8	18	16	21	14	31
0	293.0	1	12	24	46	18
0	325.0	5	27	41	11	16
0	299.1	1	15	30	35	19
0	360.6	18	38	25	17	3
0	347.1	18	34	27	10	11
0	291.8	1	12	22	37	27
0	371.4	35	30	19	7	9
0	369.1	34	31	21	8	6
0	361.8	19	33	23	19	6
0	367.2	20	39	23	15	2
0	334.9	12	27	29	22	10
0	351.1	20	34	29	9	8
0	327.3	7	28	28	24	12
0	294.5	1	13	24	45	17
0	345.7	15	29	27	24	5
0	329.0	6	28	43	10	12
0	357.9	20	33	36	8	3
0	376.2	35	29	23	5	8
0	381.6	38	32	21	5	3
0	*	*	*	*	*	*
0	366.8	27	36	28	5	3
0	328.3	15	31	8	23	23
0	*	*	*	*	*	*
0	*	*	*	*	*	*
0	334.2	19	24	26	25	6
0	330.5	11	30	23	30	7
0	342.3	15	32	25	23	6
0	356.7	26	24	22	21	6
0	361.6	33	21	24	20	2
0	346.3	18	28	24	26	4
0	373.0	32	36	18	12	2
0	342.0	26	19	21	23	11
0	337.7	13	28	25	23	11
0	350.7	24	26	24	20	6
0	311.8	10	22	18	28	23
0	353.4	24	28	21	16	12
0	334.5	18	23	24	23	11
0	312.4	8	13	36	30	13
0	300.7	5	13	32	33	17
0	319.8	14	20	22	24	20
0	326.8	8	25	25	33	8
0	314.7	6	17	36	30	11
0	317.2	9	22	28	27	14
0	306.1	7	17	27	29	19
0	297.4	3	12	32	36	16
0	294.7	5	9	25	42	18
0	303.1	8	19	24	30	20
0	303.3	0	21	30	35	14
0	310.2	3	19	32	33	12
0	301.0	5	12	32	34	16
0	369.4	30	40	20	10	0
0	333.8	10	25	35	30	0
0	374.2	44	25	25	6	0
0	447.7	56	25	19	0	0
0	*	*	*	*	*	*
0	*	*	*	*	*	*
0	*	*	*	*	*	*
0	*	*	*	*	*	*
0	*	*	*	*	*	*
0	*	*	*	*	*	*
0	*	*	*	*	*	*
0	*	*	*	*	*	*
0	*	*	*	*	*	*
0	*	*	*	*	*	*
0	*	*	*	*	*	*
0	*	*	*	*	*	*
0	*	*	*	*	*	*
0	350.2	21	30	24	20	6
0	329.5	10	26	32	19	13
0	313.8	6	18	36	23	16
0	360.5	23	28	26	18	5
0	344.8	18	26	33	16	7
0	364.6	30	27	23	16	3
0	356.4	17	32	25	19	7
0	334.6	7	28	38	16	11
0	339.3	12	29	37	13	9
0	338.8	11	30	37	14	8
0	337.9	12	27	31	23	7
0	338.1	10	28	33	22	6
0	396.1	35	35	17	11	2
0	337.0	10	31	36	15	8
0	334.6	12	26	38	15	9
0	374.4	28	31	34	6	1
0	337.1	9	31	30	23	8
0	326.4	12	21	33	14	19
0	308.6	2	18	33	34	14
0	350.6	24	27	22	16	11
0	286.7	1	8	25	38	28
0	*	*	*	*	*	*
0	317.8	4	20	41	20	15
0	358.3	18	33	27	16	5
0	309.4	3	18	28	36	15
0	317.2	5	20	33	37	6
0	342.1	14	33	32	14	7
0	326.7	3	25	53	9	10
0	*	*	*	*	*	*
0	310.6	2	14	40	23	21
0	346.7	13	31	40	11	5
0	341.9	18	26	30	8	18
0	319.0	0	14	67	19	0
0	333.3	8	22	47	16	7
0	322.3	11	20	33	13	23
0	325.8	7	21	43	17	13
0	336.5	6	31	41	12	9
0	287.5	1	9	26	42	21
0	309.4	0	5	58	16	21
0	289.8	1	10	23	49	16
