District Code	Mean Scale Score	Percentage Advanced	Percentage Proficient	Percentage Basic	Percentage Below Basic	Percentage Far Below Basic
0	367.1	32	29	21	11	8
0	389.5	39	30	15	12	4
0	407.4	44	27	18	9	2
0	352.7	21	30	27	14	7
0	380.1	43	27	20	8	3
0	398.4	48	26	16	8	1
0	401.6	38	29	19	11	3
0	371.9	37	30	21	8	4
0	378.7	30	35	22	8	5
0	367.8	33	29	26	8	3
0	376.0	28	31	23	13	4
0	364.3	21	35	27	14	3
0	370.0	29	36	22	9	4
0	433.8	53	35	10	3	0
0	360.6	18	34	25	18	5
0	472.4	71	19	2	0	8
0	371.9	36	28	23	8	5
0	361.2	32	25	23	10	10
0	323.4	7	25	32	25	11
0	427.2	53	37	9	1	0
0	399.4	48	21	17	8	6
0	*	*	*	*	*	*
0	*	*	*	*	*	*
0	*	*	*	*	*	*
0	374.5	36	32	23	6	3
0	330.8	11	23	38	15	14
0	290.1	0	0	36	42	22
0	363.0	23	37	21	12	6
0	340.5	7	41	38	6	8
0	349.5	13	35	29	18	4
0	296.1	2	13	27	35	23
0	438.9	62	23	3	7	5
0	366.4	33	28	24	9	6
0	404.2	44	32	16	7	2
0	322.6	6	25	28	30	12
0	346.3	16	27	41	11	6
0	*	*	*	*	*	*
0	360.2	31	26	21	10	13
0	351.7	26	24	25	11	14
0	353.8	18	34	36	7	5
0	357.0	28	25	26	10	11
0	297.5	1	14	26	39	20
0	342.6	14	28	31	18	9
0	352.3	25	28	28	12	7
0	393.5	34	42	15	8	2
0	304.0	2	17	32	38	12
0	308.5	2	20	34	18	27
0	355.2	18	33	37	8	3
0	*	*	*	*	*	*
0	293.2	0	0	46	33	21
0	335.5	15	25	35	12	14
0	343.9	18	26	33	14	10
0	270.9	0	0	7	80	13
0	300.6	2	17	30	32	20
0	292.4	2	13	24	38	23
0	244.4	0	0	0	29	71
0	360.7	31	23	24	12	10
0	329.2	12	23	36	13	17
0	310.6	0	11	58	11	21
0	*	*	*	*	*	*
0	*	*	*	*	*	*
0	327.8	9	19	42	19	11
0	319.1	3	26	40	12	20
0	281.3	1	8	23	47	21
0	348.7	23	28	22	11	16
0	347.9	15	34	25	21	6
0	347.2	24	26	27	13	11
0	298.6	3	14	30	31	23
0	287.6	1	9	22	44	24
0	361.7	25	34	30	7	5
0	285.7	7	11	18	14	50
0	*	*	*	*	*	*
0	354.6	20	31	35	8	5
0	350.1	25	24	24	11	15
0	328.4	11	22	29	23	14
0	340.0	13	27	25	25	10
0	294.2	2	14	25	37	22
0	356.0	18	35	23	18	5
0	316.1	6	22	31	28	14
0	325.1	9	24	28	30	10
0	298.8	0	4	47	28	21
0	359.1	27	27	27	11	7
0	*	*	*	*	*	*
0	326.0	4	31	38	11	16
0	*	*	*	*	*	*
0	341.2	13	26	40	14	7
0	331.3	12	23	36	14	15
0	*	*	*	*	*	*
0	253.9	0	0	4	45	51
0	314.9	15	16	24	35	9
0	329.4	8	29	24	32	6
0	334.7	13	29	21	31	6
0	334.6	15	24	28	23	9
0	337.0	21	22	25	28	4
0	353.3	19	31	22	25	4
0	349.2	15	35	31	17	2
0	328.9	12	24	24	30	11
0	319.0	19	17	22	28	15
0	320.7	14	22	23	25	16
0	*	*	*	*	*	*
0	308.8	6	22	20	30	21
0	337.3	17	25	27	18	14
0	303.3	6	12	34	30	18
0	325.0	14	22	25	26	13
0	301.9	8	18	23	35	17
0	309.3	7	16	29	33	15
0	302.3	5	17	27	34	17
0	301.7	5	12	34	33	16
0	301.4	3	16	31	33	16
0	304.2	6	14	32	32	16
0	39.8	0	0	0	0	0
0	38.5	0	0	0	0	0
0	39.5	0	0	0	0	0
0	38.8	0	0	0	0	0
0	38.9	0	0	0	0	0
0	35.5	0	0	0	0	0
0	36.9	0	0	0	0	0
0	36.4	0	0	0	0	0
0	36.6	0	0	0	0	0
0	36.9	0	0	0	0	0
0	34.4	0	0	0	0	0
0	36.4	0	0	0	0	0
0	36.6	0	0	0	0	0
0	35.3	0	0	0	0	0
0	376.0	28	36	21	14	1
0	346.9	24	27	27	18	4
0	352.0	24	27	32	15	3
0	384.6	34	32	20	13	1
0	380.7	34	28	20	14	4
0	345.3	23	25	30	16	5
0	342.0	19	26	26	12	17
0	375.0	32	26	21	15	6
0	349.7	22	29	27	17	6
0	360.6	28	22	25	17	9
0	329.3	11	24	29	26	10
0	342.4	13	31	33	17	6
0	390.6	40	29	15	11	4
0	361.7	29	28	22	12	9
0	410.4	45	27	17	9	2
0	348.4	19	30	27	16	8
0	375.1	40	27	21	9	4
0	399.0	48	26	15	9	2
0	401.5	38	28	19	11	3
0	382.6	33	34	20	8	5
0	367.2	34	30	22	9	5
0	364.4	32	28	27	10	4
0	376.6	29	31	23	13	4
0	364.9	22	35	25	15	4
0	433.2	52	34	10	3	0
0	362.8	26	35	23	10	6
0	365.9	33	27	24	10	6
0	358.2	18	33	25	19	5
0	477.5	75	19	0	0	6
0	427.8	54	36	8	2	0
0	322.2	8	24	30	25	13
0	364.1	34	23	21	10	11
0	*	*	*	*	*	*
0	406.7	51	20	15	7	7
0	367.7	25	37	21	11	6
0	334.4	14	24	35	13	14
0	377.9	39	31	21	6	4
0	368.4	36	25	18	9	12
0	351.1	18	29	37	10	5
0	291.1	0	0	40	36	24
0	341.9	8	46	30	5	10
0	*	*	*	*	*	*
0	456.6	71	22	3	3	3
0	295.4	2	13	27	34	24
0	351.6	14	36	28	17	4
0	409.4	46	32	14	6	2
0	321.0	6	24	27	30	12
0	360.1	30	28	24	11	7
0	346.8	23	27	27	14	10
0	296.1	1	14	24	38	22
0	347.3	17	29	28	18	9
0	306.0	3	18	31	35	13
0	401.0	37	43	13	6	1
0	303.6	3	17	32	27	21
0	*	*	*	*	*	*
0	269.6	0	0	9	82	9
0	306.4	1	21	31	16	31
0	302.3	0	0	73	18	9
0	362.2	24	36	31	6	4
0	360.8	32	24	20	9	15
0	344.1	19	25	29	14	12
0	339.6	19	26	29	11	15
0	362.2	23	34	32	7	3
0	358.9	31	23	23	10	13
0	331.2	11	20	40	17	12
0	333.4	15	25	31	12	18
0	356.1	30	21	23	13	12
0	287.9	9	12	15	14	50
0	370.9	31	35	25	5	4
0	310.5	0	5	68	11	16
0	318.7	4	26	38	11	21
0	*	*	*	*	*	*
0	244.1	0	0	0	21	79
0	292.1	2	14	21	38	24
0	356.0	19	35	22	19	6
0	282.5	1	9	24	44	23
0	352.1	27	26	19	10	18
0	300.2	3	15	29	30	23
0	287.0	1	10	21	44	25
0	340.1	21	24	26	14	14
0	337.7	12	26	24	26	11
0	331.9	13	23	27	22	15
0	314.6	6	21	29	28	16
0	326.4	10	24	27	28	11
0	364.9	22	36	20	16	5
0	294.5	2	15	24	36	24
0	255.4	0	0	4	48	48
0	300.0	0	2	56	24	18
0	325.5	5	33	33	10	19
0	*	*	*	*	*	*
0	362.5	25	33	30	7	5
0	*	*	*	*	*	*
0	359.0	29	27	25	11	9
0	335.2	15	24	32	12	15
0	346.3	17	27	36	13	8
0	358.7	32	24	20	9	16
0	328.4	8	29	24	32	7
0	310.3	14	14	24	38	10
0	331.7	14	24	28	24	9
0	334.2	14	28	20	32	6
0	350.1	18	29	21	26	5
0	332.1	20	20	25	30	5
0	350.5	17	34	31	17	2
0	310.5	16	16	21	30	17
0	328.6	12	24	22	30	12
0	309.5	7	23	19	29	22
0	316.0	13	21	22	27	17
0	*	*	*	*	*	*
0	299.0	6	11	32	30	21
0	338.9	19	24	25	18	15
0	320.9	13	20	25	27	14
0	300.1	7	17	23	35	18
0	309.6	7	17	30	32	14
0	299.5	5	12	32	34	18
0	302.6	5	16	28	34	17
0	299.8	4	14	29	37	16
0	302.2	5	13	31	33	17
0	33.3	0	0	0	0	0
0	36.5	0	0	0	0	0
0	37.2	0	0	0	0	0
0	35.5	0	0	0	0	0
0	39.7	0	0	0	0	0
0	38.3	0	0	0	0	0
0	39.1	0	0	0	0	0
0	39.1	0	0	0	0	0
0	38.6	0	0	0	0	0
0	35.4	0	0	0	0	0
0	37.0	0	0	0	0	0
0	36.2	0	0	0	0	0
0	37.1	0	0	0	0	0
0	37.3	0	0	0	0	0
0	339.5	20	26	28	21	5
0	376.7	31	34	19	16	1
0	384.8	33	32	20	14	1
0	345.4	20	26	33	17	4
0	335.0	19	23	29	20	9
0	375.3	34	25	18	18	6
0	375.6	33	28	16	15	8
0	332.1	17	23	24	16	20
0	340.4	20	24	26	21	10
0	362.5	30	19	24	17	9
0	332.4	13	25	27	27	8
0	335.8	11	29	33	19	8
0	372.7	34	30	20	10	6
0	388.4	38	31	16	12	3
0	404.3	42	28	19	10	2
0	357.1	23	31	27	13	6
0	385.3	46	26	19	6	2
0	397.7	47	27	17	8	1
0	401.7	37	30	19	11	2
0	376.5	40	29	21	7	3
0	374.7	27	36	23	9	4
0	371.3	34	30	26	7	2
0	375.4	28	32	24	13	3
0	363.7	20	36	28	14	3
0	377.3	33	36	21	7	3
0	434.5	53	35	9	2	0
0	362.9	19	34	25	17	4
0	460.8	63	19	6	0	13
0	358.2	29	26	26	11	9
0	324.7	6	25	35	24	9
0	426.4	52	38	10	1	0
0	377.9	39	29	22	7	4
0	392.0	44	23	19	9	5
0	287.7	0	0	27	55	18
0	341.9	13	25	44	12	6
0	*	*	*	*	*	*
0	352.1	26	26	25	11	13
0	372.6	36	28	24	8	4
0	347.6	13	35	31	18	4
0	297.1	2	13	28	36	21
0	398.6	41	32	18	8	2
0	324.4	6	26	28	29	11
0	412.5	49	26	4	13	8
0	*	*	*	*	*	*
0	*	*	*	*	*	*
0	371.4	33	32	26	6	3
0	326.8	8	21	41	16	13
0	357.1	21	36	22	13	7
0	339.2	6	37	44	7	6
0	311.1	3	18	38	20	22
0	348.7	13	32	42	9	3
0	330.6	10	23	41	13	12
0	343.7	16	26	36	14	7
0	*	*	*	*	*	*
0	297.6	1	16	27	36	20
0	385.3	31	40	17	10	2
0	299.1	2	14	27	40	18
0	338.2	11	28	33	19	8
0	302.1	2	15	32	40	11
0	358.0	27	29	28	11	5
0	342.2	19	25	30	13	14
0	343.7	12	31	44	8	6
0	285.5	0	0	23	46	31
0	355.1	25	27	29	11	9
0	310.8	0	16	47	11	26
0	*	*	*	*	*	*
0	351.0	18	32	36	8	6
0	283.0	5	9	22	15	50
0	*	*	*	*	*	*
0	354.6	26	27	27	12	8
0	280.0	0	6	23	50	20
0	345.2	20	29	25	12	15
0	297.1	2	13	30	33	22
0	288.5	1	8	24	45	22
0	340.6	11	33	28	22	6
0	292.7	1	13	27	39	21
0	244.5	0	0	0	35	65
0	365.3	32	25	26	10	7
0	324.4	8	21	41	15	15
0	324.5	6	18	45	20	10
0	*	*	*	*	*	*
0	319.5	2	26	42	12	18
0	297.2	0	7	35	33	26
0	359.1	26	28	30	10	5
0	336.5	10	25	43	15	7
0	326.9	9	21	41	15	14
0	*	*	*	*	*	*
0	252.1	0	0	5	41	55
0	293.8	1	14	27	38	21
0	347.6	15	34	26	21	5
0	325.1	10	21	31	24	14
0	317.9	5	22	33	27	12
0	323.8	9	23	29	31	9
0	342.5	14	28	25	25	9
0	346.3	15	29	41	10	6
0	341.3	19	24	29	13	15
0	*	*	*	*	*	*
0	326.6	4	29	42	11	13
0	*	*	*	*	*	*
0	324.8	18	20	24	30	8
0	331.0	9	30	24	33	4
0	335.7	12	31	23	28	6
0	340.6	18	24	29	21	7
0	346.4	24	24	26	25	2
0	358.9	19	34	23	22	2
0	346.8	13	37	31	17	2
0	329.5	10	25	26	30	9
0	336.8	24	19	24	24	10
0	329.7	16	24	24	23	13
0	*	*	*	*	*	*
0	307.5	5	21	22	32	20
0	334.2	12	26	31	19	12
0	313.3	7	14	38	30	11
0	333.6	16	26	25	23	10
0	309.4	8	16	28	33	15
0	305.8	8	19	24	34	15
0	301.8	4	18	27	35	16
0	306.1	7	11	38	31	13
0	303.8	2	18	35	28	17
0	308.2	6	15	34	31	14
0	36.6	0	0	0	0	0
0	36.2	0	0	0	0	0
0	35.6	0	0	0	0	0
0	34.9	0	0	0	0	0
0	35.6	0	0	0	0	0
0	36.6	0	0	0	0	0
0	36.7	0	0	0	0	0
0	35.6	0	0	0	0	0
0	36.3	0	0	0	0	0
0	40.1	0	0	0	0	0
0	38.8	0	0	0	0	0
0	40.5	0	0	0	0	0
0	38.2	0	0	0	0	0
0	39.3	0	0	0	0	0
0	375.4	26	37	24	12	1
0	354.1	28	29	26	15	3
0	359.0	28	27	31	12	2
0	384.2	35	32	20	11	2
0	385.8	33	32	22	11	2
0	355.0	28	27	31	13	2
0	352.0	22	29	28	8	13
0	374.3	31	25	25	15	5
0	358.4	26	24	26	16	9
0	361.1	24	36	27	11	3
0	349.4	15	34	34	15	3
0	326.1	10	22	31	26	11
0	405.3	47	30	13	8	3
0	382.6	40	30	17	7	5
0	424.2	52	27	14	6	1
0	369.9	29	35	24	9	4
0	397.8	56	25	14	4	1
0	414.0	56	25	12	5	1
0	418.8	45	30	16	8	2
0	396.3	38	38	17	4	2
0	387.0	47	31	16	4	2
0	380.0	40	33	22	5	1
0	388.9	33	34	21	10	2
0	374.9	24	39	25	10	2
0	382.1	34	40	19	5	2
0	434.2	53	35	10	3	0
0	365.9	20	36	25	16	4
0	477.3	73	20	2	0	6
0	383.4	42	31	20	5	2
0	374.1	37	28	22	7	6
0	334.9	9	30	33	20	8
0	427.6	53	37	9	1	0
0	*	*	*	*	*	*
0	414.6	54	22	15	6	3
0	371.6	26	40	21	9	3
0	296.2	0	0	41	48	10
0	345.1	8	45	37	5	6
0	369.2	34	28	21	8	9
0	348.4	16	28	41	10	5
0	*	*	*	*	*	*
0	*	*	*	*	*	*
0	*	*	*	*	*	*
0	339.1	14	26	38	12	10
0	379.3	38	33	22	4	2
0	353.5	14	37	30	16	3
0	306.0	3	17	31	32	18
0	442.0	63	24	3	6	4
0	378.0	39	31	21	6	3
0	404.6	44	32	16	7	2
0	328.7	7	28	28	27	10
0	300.7	1	15	27	38	18
0	343.9	14	29	31	18	8
0	362.5	29	32	27	8	4
0	394.0	34	42	15	8	2
0	*	*	*	*	*	*
0	308.1	2	18	34	36	10
0	352.4	21	29	32	11	7
0	343.1	17	28	34	10	10
0	268.6	0	0	8	75	17
0	311.9	2	21	35	31	11
0	367.4	32	28	26	8	7
0	355.6	19	34	36	6	4
0	361.8	29	27	25	9	10
0	315.1	3	25	35	14	23
0	298.1	0	0	53	35	12
0	356.7	18	34	37	8	3
0	331.5	9	20	44	17	9
0	313.7	0	11	60	11	17
0	323.5	3	29	41	10	17
0	*	*	*	*	*	*
0	297.8	10	14	21	14	41
0	363.8	26	34	30	6	4
0	*	*	*	*	*	*
0	298.5	2	16	26	37	19
0	243.3	0	0	0	29	71
0	338.8	15	27	35	10	13
0	372.0	36	26	23	8	7
0	285.1	1	8	26	47	18
0	359.9	27	31	22	9	11
0	*	*	*	*	*	*
0	349.5	15	34	25	20	5
0	300.3	3	14	30	31	21
0	289.9	1	10	23	43	23
0	357.7	27	29	27	10	7
0	348.5	15	30	25	22	8
0	330.6	12	23	29	23	13
0	252.0	0	0	5	41	54
0	331.4	10	26	29	27	8
0	327.7	8	27	32	23	10
0	*	*	*	*	*	*
0	367.3	31	30	26	8	5
0	301.6	2	17	28	35	18
0	357.5	19	35	23	18	5
0	*	*	*	*	*	*
0	360.8	29	26	24	9	11
0	*	*	*	*	*	*
0	356.7	21	32	35	7	4
0	304.2	0	5	52	30	14
0	331.6	5	35	38	8	13
0	339.8	15	27	37	11	10
0	344.4	14	27	40	13	6
0	328.6	9	26	24	34	6
0	318.9	16	18	23	35	8
0	342.2	18	26	28	21	7
0	334.8	14	28	21	31	6
0	350.9	19	31	20	26	5
0	358.7	21	37	27	13	2
0	348.2	28	22	22	25	3
0	334.4	25	18	20	24	12
0	334.1	13	26	23	28	10
0	313.3	7	23	21	29	20
0	*	*	*	*	*	*
0	336.6	20	24	21	22	13
0	337.8	20	24	21	23	12
0	304.4	5	11	39	28	17
0	348.0	23	26	23	15	14
0	312.7	7	19	28	32	14
0	313.9	11	21	24	30	14
0	300.5	4	12	37	32	16
0	310.2	6	21	27	32	15
0	299.7	3	18	28	30	21
0	305.2	5	15	33	31	16
0	33.6	0	0	0	0	0
0	36.1	0	0	0	0	0
0	35.9	0	0	0	0	0
0	34.9	0	0	0	0	0
0	35.0	0	0	0	0	0
0	36.1	0	0	0	0	0
0	35.9	0	0	0	0	0
0	35.6	0	0	0	0	0
0	36.3	0	0	0	0	0
0	39.0	0	0	0	0	0
0	37.8	0	0	0	0	0
0	39.0	0	0	0	0	0
0	38.1	0	0	0	0	0
0	38.5	0	0	0	0	0
0	412.8	60	24	10	4	2
0	441.5	66	23	7	3	1
0	459.4	67	22	9	2	0
0	392.8	42	36	17	5	1
0	420.0	69	21	8	2	0
0	439.6	69	19	8	3	1
0	445.5	56	25	13	5	1
0	399.8	57	27	12	3	1
0	408.6	46	37	13	4	1
0	391.9	49	30	17	3	1
0	409.0	43	32	17	7	1
0	382.9	28	38	24	9	1
0	393.0	42	36	17	3	1
0	456.1	63	26	8	2	0
0	377.7	25	36	22	13	4
0	501.8	80	20	0	0	0
0	397.6	50	29	15	4	1
0	394.4	48	25	18	5	4
0	447.9	66	27	6	2	0
0	*	*	*	*	*	*
0	341.7	10	31	38	15	6
0	435.9	63	19	12	4	3
0	386.2	38	41	15	3	2
0	332.8	0	43	43	0	14
0	371.7	31	31	30	6	2
0	401.5	54	22	13	6	4
0	310.4	2	20	31	34	12
0	389.6	45	32	18	3	2
0	345.0	16	29	38	10	7
0	364.3	18	39	26	13	2
0	474.5	76	24	0	0	0
0	390.0	47	30	16	4	2
0	426.4	55	29	12	3	1
0	333.5	8	29	29	25	9
0	308.8	2	18	33	32	14
0	345.7	16	27	29	20	7
0	370.0	33	33	24	7	3
0	406.4	37	41	16	6	0
0	306.4	3	16	34	36	11
0	337.7	12	26	40	13	9
0	358.3	23	30	32	9	6
0	*	*	*	*	*	*
0	307.7	0	20	36	30	14
0	370.5	33	27	25	8	8
0	361.5	22	35	34	5	4
0	374.9	36	28	24	6	5
0	299.3	0	18	27	27	27
0	365.1	24	34	34	7	1
0	329.3	10	16	44	19	10
0	*	*	*	*	*	*
0	372.4	31	33	29	4	3
0	326.5	18	19	18	12	33
0	307.1	0	26	21	40	13
0	*	*	*	*	*	*
0	387.4	44	26	18	6	5
0	339.0	13	28	38	9	12
0	286.2	0	8	29	46	17
0	368.3	31	31	22	8	9
0	359.6	21	33	22	18	6
0	366.6	32	29	25	9	5
0	303.1	4	14	31	29	22
0	295.8	1	14	26	38	21
0	341.3	17	23	27	21	12
0	364.1	22	30	24	18	6
0	307.0	0	24	26	37	13
0	372.4	26	34	20	15	4
0	333.4	8	28	36	20	7
0	347.8	18	25	39	13	6
0	342.4	15	28	39	11	8
0	375.3	35	30	24	6	4
0	343.9	16	26	27	24	7
0	*	*	*	*	*	*
0	371.8	35	26	23	8	8
0	370.8	30	32	30	5	3
0	321.5	0	32	42	10	16
0	305.9	21	5	16	42	16
0	335.6	7	36	21	36	0
0	361.6	22	28	22	28	0
0	376.3	33	37	15	11	4
0	374.9	29	35	27	8	0
0	379.2	35	23	21	17	4
0	368.6	41	20	20	17	2
0	363.3	23	28	20	26	3
0	366.0	32	22	22	21	4
0	336.4	13	28	21	26	13
0	344.2	22	22	24	30	3
0	366.4	28	28	18	23	5
0	318.4	8	0	75	17	0
0	362.5	23	30	27	14	7
0	308.6	10	20	20	20	30
0	308.9	8	27	25	25	15
0	314.4	8	19	38	27	8
0	297.4	2	15	31	35	17
0	332.5	5	45	20	25	5
0	318.2	8	23	35	23	12
0	40.8	0	0	0	0	0
0	*	*	*	*	*	*
0	*	*	*	*	*	*
0	*	*	*	*	*	*
0	*	*	*	*	*	*
0	37.3	0	0	0	0	0
0	*	*	*	*	*	*
0	*	*	*	*	*	*
0	*	*	*	*	*	*
0	*	*	*	*	*	*
0	*	*	*	*	*	*
0	*	*	*	*	*	*
0	*	*	*	*	*	*
0	*	*	*	*	*	*
0	434.3	62	27	8	2	0
0	406.5	54	37	8	1	1
0	459.3	67	25	8	1	0
0	386.7	35	44	18	3	0
0	412.7	68	27	5	0	0
0	439.4	71	22	6	1	0
0	435.9	52	31	13	3	0
0	394.4	33	46	19	2	0
0	391.1	47	40	12	1	0
0	374.5	31	42	25	2	0
0	388.6	31	38	24	7	1
0	371.1	19	43	28	8	1
0	415.4	44	37	14	5	0
0	371.7	22	49	25	4	1
0	371.5	29	38	28	4	1
0	359.3	16	35	28	17	3
0	*	*	*	*	*	*
0	407.3	39	43	15	3	0
0	345.4	10	35	39	14	2
0	365.7	29	31	29	8	3
0	*	*	*	*	*	*
0	397.6	45	28	20	6	2
0	342.1	16	28	28	19	10
0	338.3	11	27	44	11	7
0	364.0	25	35	33	6	2
0	363.0	28	28	29	8	7
0	336.7	10	24	48	13	6
0	294.9	0	0	38	54	8
0	*	*	*	*	*	*
0	347.7	7	41	50	0	2
0	*	*	*	*	*	*
0	371.3	41	14	5	27	14
0	321.9	4	21	44	22	8
0	334.7	8	30	34	25	4
0	389.2	39	27	20	12	2
0	328.2	5	29	31	28	7
0	367.4	26	39	29	4	1
0	353.7	17	35	37	8	2
0	309.6	2	19	30	36	13
0	339.6	12	29	32	18	9
0	301.7	1	15	33	41	10
0	377.2	28	37	19	13	3
0	315.3	0	20	43	30	7
0	*	*	*	*	*	*
0	315.0	0	25	38	21	17
0	289.5	0	0	36	45	18
0	346.4	13	32	43	7	5
0	353.8	23	27	30	12	8
0	346.0	14	29	40	11	5
0	341.0	13	28	41	11	7
0	343.3	11	29	45	11	4
0	356.1	22	30	33	10	5
0	323.0	5	16	49	21	9
0	337.3	10	28	44	11	8
0	358.2	26	27	31	10	6
0	293.3	3	11	30	17	38
0	350.5	16	33	38	8	5
0	303.2	0	0	58	17	25
0	321.0	1	30	42	7	19
0	*	*	*	*	*	*
0	*	*	*	*	*	*
0	302.3	1	19	27	38	15
0	332.2	10	30	27	26	7
0	286.7	0	8	28	49	15
0	351.7	20	32	28	11	9
0	300.9	2	14	32	31	21
0	299.5	2	15	27	40	16
0	348.8	17	32	36	11	5
0	344.9	12	31	28	23	6
0	325.0	9	22	31	24	14
0	340.9	9	32	40	16	3
0	318.3	6	21	31	34	7
0	338.5	12	31	26	25	7
0	257.1	0	0	0	50	50
0	304.5	1	19	30	37	14
0	296.0	0	0	44	39	17
0	333.6	4	35	45	5	10
0	*	*	*	*	*	*
0	343.8	13	29	43	10	5
0	*	*	*	*	*	*
0	355.7	21	31	35	9	4
0	338.5	11	27	43	11	7
0	352.9	23	27	30	11	9
0	331.9	8	22	47	17	7
0	*	*	*	*	*	*
0	*	*	*	*	*	*
0	*	*	*	*	*	*
0	*	*	*	*	*	*
0	388.5	33	42	8	17	0
0	379.8	33	33	25	0	8
0	*	*	*	*	*	*
0	377.4	45	9	27	9	9
0	*	*	*	*	*	*
0	354.2	13	32	25	23	8
0	395.8	45	27	14	12	2
0	380.8	32	43	17	6	1
0	397.1	42	30	19	5	5
0	322.9	9	27	23	23	18
0	335.9	13	37	17	27	7
0	368.7	29	39	20	12	0
0	328.3	16	16	32	37	0
0	348.8	13	46	18	18	5
0	*	*	*	*	*	*
0	330.5	12	31	22	27	9
0	*	*	*	*	*	*
0	*	*	*	*	*	*
0	*	*	*	*	*	*
0	*	*	*	*	*	*
0	38.3	0	0	0	0	0
0	*	*	*	*	*	*
0	*	*	*	*	*	*
0	43.7	0	0	0	0	0
0	38.7	0	0	0	0	0
0	41.5	0	0	0	0	0
0	*	*	*	*	*	*
0	*	*	*	*	*	*
0	42.6	0	0	0	0	0
0	40.3	0	0	0	0	0
0	322.6	7	25	34	20	14
0	340.7	12	33	26	25	4
0	356.3	16	41	22	16	6
0	303.6	3	13	36	31	18
0	340.1	16	26	33	19	6
0	366.7	33	25	23	18	1
0	357.1	23	25	25	21	6
0	333.7	11	29	34	16	11
0	328.6	8	24	34	17	16
0	320.6	6	19	43	19	13
0	323.5	6	23	34	24	14
0	337.3	12	28	28	22	10
0	*	*	*	*	*	*
0	327.7	10	29	24	19	18
0	332.8	8	30	38	12	12
0	353.2	15	30	30	22	4
0	322.6	9	20	33	21	17
0	316.6	4	22	33	30	10
0	342.4	23	25	25	15	12
0	*	*	*	*	*	*
0	300.6	3	9	32	26	29
0	333.4	11	17	46	18	8
0	*	*	*	*	*	*
0	277.2	0	11	9	48	31
0	349.2	15	42	12	27	4
0	*	*	*	*	*	*
0	311.2	1	22	30	37	10
0	315.9	7	17	35	24	16
0	329.3	19	12	38	4	27
0	303.4	7	17	26	15	35
0	310.4	3	20	32	29	16
0	300.6	1	17	26	36	20
0	341.8	13	19	38	25	6
0	296.7	0	14	38	35	13
0	*	*	*	*	*	*
0	*	*	*	*	*	*
0	*	*	*	*	*	*
0	314.4	10	18	27	20	25
0	314.0	4	17	37	30	13
0	*	*	*	*	*	*
0	293.0	0	4	38	19	38
0	332.5	12	8	73	8	0
0	319.5	0	24	43	22	11
0	316.0	2	22	37	15	24
0	341.1	0	56	22	17	6
0	*	*	*	*	*	*
0	317.2	8	12	37	29	14
0	346.8	14	36	43	7	0
0	*	*	*	*	*	*
0	*	*	*	*	*	*
0	273.8	0	1	22	57	20
0	311.9	6	15	38	23	17
0	308.3	10	18	23	15	34
0	286.8	0	14	25	28	33
0	306.6	8	18	26	23	25
0	288.4	8	0	25	25	42
0	320.7	6	23	28	30	13
0	318.9	7	16	39	23	14
0	302.6	3	18	25	37	18
0	295.5	2	13	29	42	14
0	329.4	0	50	20	15	15
0	336.7	11	26	47	11	5
0	*	*	*	*	*	*
0	305.6	8	15	27	14	35
0	305.4	2	13	36	20	29
0	321.6	8	16	40	25	11
0	*	*	*	*	*	*
0	324.1	5	17	55	17	6
0	*	*	*	*	*	*
0	*	*	*	*	*	*
0	*	*	*	*	*	*
0	339.3	8	50	8	25	8
0	297.7	7	7	47	27	13
0	297.4	0	19	33	41	7
0	339.1	8	38	25	29	0
0	325.1	7	22	44	26	0
0	280.4	0	14	29	29	29
0	251.6	0	8	8	62	23
0	316.8	8	15	46	15	15
0	310.9	8	15	38	23	15
0	324.9	8	31	38	15	8
0	*	*	*	*	*	*
0	322.3	9	18	36	27	9
0	*	*	*	*	*	*
0	290.3	5	5	41	27	23
0	306.8	0	17	42	33	8
0	294.2	5	15	15	40	25
0	316.9	12	12	41	24	12
0	*	*	*	*	*	*
0	*	*	*	*	*	*
0	*	*	*	*	*	*
0	*	*	*	*	*	*
0	*	*	*	*	*	*
0	*	*	*	*	*	*
0	*	*	*	*	*	*
0	*	*	*	*	*	*
0	*	*	*	*	*	*
0	*	*	*	*	*	*
0	*	*	*	*	*	*
0	*	*	*	*	*	*
0	*	*	*	*	*	*
0	*	*	*	*	*	*
0	334.6	8	33	33	25	0
0	352.1	0	67	17	17	0
0	364.2	22	28	28	22	0
0	311.6	0	11	61	11	17
0	358.8	33	33	25	0	8
0	391.5	50	17	8	25	0
0	385.1	45	18	27	0	9
0	347.5	27	18	18	27	9
0	*	*	*	*	*	*
0	*	*	*	*	*	*
0	*	*	*	*	*	*
0	*	*	*	*	*	*
0	433.6	60	27	9	3	0
0	407.2	55	27	13	5	1
0	466.1	71	21	7	2	0
0	392.4	43	33	18	5	1
0	453.2	78	16	5	1	0
0	423.6	74	18	6	1	0
0	412.7	68	22	7	1	1
0	474.5	71	21	6	2	0
0	427.9	59	32	7	2	1
0	441.5	63	27	8	2	0
0	411.1	67	23	9	1	0
0	416.4	61	30	7	1	0
0	418.8	49	38	11	2	0
0	447.4	60	31	7	1	0
0	405.7	38	38	16	6	1
0	417.6	64	24	9	2	1
0	439.5	62	31	6	1	0
0	367.8	22	41	26	10	2
0	498.8	77	23	0	0	0
0	422.4	72	20	6	1	0
0	478.1	83	12	4	1	0
0	360.7	15	52	30	1	1
0	*	*	*	*	*	*
0	398.1	40	45	14	1	1
0	363.1	28	35	27	6	4
0	470.7	78	18	1	2	1
0	*	*	*	*	*	*
0	411.9	64	27	8	1	0
0	*	*	*	*	*	*
0	407.1	58	25	12	2	3
0	373.7	31	37	29	3	1
0	416.6	69	23	7	1	1
0	417.9	51	30	14	4	1
0	308.6	6	22	22	29	22
0	381.0	25	46	22	7	1
0	359.0	14	43	24	16	4
0	322.6	5	28	29	24	14
0	395.6	54	31	12	2	1
0	330.0	4	32	36	23	4
0	366.1	22	36	27	12	4
0	379.9	33	43	21	1	2
0	394.5	47	29	18	4	3
0	328.0	5	35	26	26	9
0	387.5	43	31	19	4	2
0	*	*	*	*	*	*
0	410.4	41	43	11	5	0
0	376.3	42	30	21	1	6
0	377.2	30	40	26	3	1
0	405.2	55	27	14	2	2
0	316.1	6	19	29	29	16
0	352.1	9	55	31	0	5
0	356.3	20	31	37	9	4
0	367.2	37	29	21	5	9
0	373.1	22	41	23	12	2
0	*	*	*	*	*	*
0	410.7	61	25	10	2	2
0	321.5	5	27	27	28	13
0	306.6	17	11	19	13	41
0	386.3	41	37	19	1	1
0	312.9	4	19	34	28	15
0	399.2	48	32	13	3	3
0	300.1	2	17	28	35	18
0	314.8	5	19	24	36	16
0	395.3	53	28	14	3	2
0	362.4	23	31	26	14	6
0	356.4	19	37	25	13	6
0	374.4	25	39	23	11	2
0	401.9	37	37	16	8	2
0	*	*	*	*	*	*
0	380.2	36	37	24	2	1
0	*	*	*	*	*	*
0	323.6	5	29	27	27	12
0	381.8	27	41	20	11	2
0	368.9	26	37	31	5	2
0	403.1	56	28	12	2	1
0	365.9	32	33	25	5	5
0	394.9	48	28	17	4	3
0	350.4	12	48	30	5	5
0	372.6	24	35	29	12	0
0	349.7	25	22	31	22	0
0	353.1	22	37	18	12	12
0	387.6	29	32	14	25	0
0	371.1	44	18	20	16	2
0	389.1	36	38	26	0	0
0	389.9	29	40	20	11	0
0	404.0	27	60	7	7	0
0	366.3	41	15	10	28	5
0	368.6	27	34	20	18	2
0	367.8	25	29	13	23	10
0	381.5	37	33	22	7	0
0	*	*	*	*	*	*
0	346.1	15	23	38	15	8
0	355.1	27	27	13	20	13
0	307.9	11	22	18	27	22
0	286.5	0	8	31	38	23
0	298.4	2	15	26	43	15
0	326.9	12	21	26	26	15
0	342.6	15	31	38	15	0
0	410.3	46	15	38	0	0
0	429.4	56	29	9	6	0
0	371.5	32	37	23	8	0
0	389.7	56	21	15	8	0
0	450.4	69	23	3	5	0
0	477.0	76	14	5	5	0
0	385.9	48	19	19	5	10
0	415.9	76	18	6	0	0
0	502.3	88	6	6	0	0
0	*	*	*	*	*	*
0	*	*	*	*	*	*
0	342.6	18	28	27	16	11
0	362.0	26	31	20	17	6
0	379.5	31	29	23	14	3
0	329.1	10	25	33	21	11
0	355.6	26	29	28	12	5
0	373.9	34	29	21	13	2
0	371.9	25	30	24	16	4
0	349.8	21	31	29	12	7
0	351.6	16	33	30	13	8
0	346.9	18	29	35	13	5
0	350.7	16	30	29	19	6
0	343.7	11	32	32	20	5
0	397.5	33	43	17	6	1
0	346.1	14	35	30	13	7
0	347.9	20	29	31	13	8
0	341.0	11	29	28	24	7
0	335.6	18	23	28	15	16
0	*	*	*	*	*	*
0	389.6	29	45	21	4	1
0	313.6	5	21	32	29	14
0	364.2	32	24	22	13	9
0	*	*	*	*	*	*
0	*	*	*	*	*	*
0	350.6	20	30	34	11	6
0	322.5	8	19	40	17	16
0	304.8	4	13	21	41	21
0	*	*	*	*	*	*
0	332.4	9	21	47	15	8
0	327.8	4	32	41	9	13
0	288.6	0	0	38	35	27
0	337.2	20	21	26	13	19
0	289.0	1	10	25	37	27
0	292.7	5	18	9	41	27
0	323.9	7	26	30	29	8
0	364.3	24	30	27	15	4
0	313.3	4	21	27	34	14
0	341.8	18	27	32	14	9
0	330.5	12	24	34	18	12
0	294.6	1	13	24	39	22
0	325.3	10	22	31	23	14
0	293.6	1	12	28	44	15
0	354.5	17	39	21	18	5
0	*	*	*	*	*	*
0	328.4	15	20	28	15	22
0	333.7	16	22	31	15	16
0	289.8	0	0	42	32	26
0	292.6	0	9	29	25	37
0	333.7	8	27	44	12	9
0	338.6	10	28	43	13	6
0	*	*	*	*	*	*
0	323.0	9	20	38	16	18
0	329.5	10	22	36	18	13
0	287.3	1	12	24	37	26
0	286.9	1	12	22	39	26
0	333.1	16	20	31	18	15
0	318.3	6	19	39	15	21
0	239.2	0	0	0	22	78
0	313.8	4	13	43	24	16
0	341.9	13	30	37	11	9
0	*	*	*	*	*	*
0	307.9	1	18	40	14	27
0	304.6	0	4	60	12	24
0	277.7	4	9	18	14	55
0	*	*	*	*	*	*
0	319.7	7	26	26	30	11
0	278.2	0	7	22	48	23
0	292.7	2	12	28	32	27
0	325.4	13	24	25	15	23
0	286.4	1	9	20	45	24
0	324.9	12	22	31	18	16
0	321.8	7	23	26	31	13
0	310.5	6	17	29	27	20
0	306.8	4	18	30	31	17
0	323.7	9	27	26	28	10
0	*	*	*	*	*	*
0	248.5	0	0	3	38	59
0	303.3	4	17	27	38	14
0	*	*	*	*	*	*
0	294.6	0	1	47	26	26
0	336.6	11	25	42	13	8
0	313.5	2	22	38	14	23
0	326.6	15	20	27	15	23
0	286.7	1	12	22	39	26
0	322.5	6	18	43	20	13
0	321.6	7	19	40	17	17
0	336.5	14	24	34	16	11
0	308.6	12	16	25	37	10
0	327.9	7	30	24	33	6
0	332.0	12	28	22	32	6
0	327.8	13	23	29	26	10
0	330.5	18	22	25	30	4
0	350.8	17	30	23	26	4
0	344.3	13	33	33	19	2
0	324.7	10	23	24	31	11
0	312.0	15	17	23	29	16
0	314.9	12	21	24	26	17
0	*	*	*	*	*	*
0	306.3	5	22	21	30	22
0	332.9	14	24	29	19	15
0	299.9	6	13	30	32	20
0	319.2	11	21	27	27	14
0	307.9	7	17	29	32	16
0	298.7	6	18	22	36	18
0	299.4	4	16	26	36	18
0	299.3	6	10	32	34	18
0	301.9	4	16	29	33	18
0	302.4	6	14	30	33	18
0	34.9	0	0	0	0	0
0	36.9	0	0	0	0	0
0	37.1	0	0	0	0	0
0	35.1	0	0	0	0	0
0	36.0	0	0	0	0	0
0	37.3	0	0	0	0	0
0	36.7	0	0	0	0	0
0	37.4	0	0	0	0	0
0	37.2	0	0	0	0	0
0	40.7	0	0	0	0	0
0	38.9	0	0	0	0	0
0	39.8	0	0	0	0	0
0	39.5	0	0	0	0	0
0	39.0	0	0	0	0	0
0	345.3	23	27	28	18	4
0	374.6	28	36	21	15	1
0	382.6	32	32	21	13	1
0	350.8	23	26	32	15	3
0	342.4	21	26	31	17	6
0	378.0	33	29	19	16	4
0	368.7	29	27	23	14	7
0	337.1	16	27	27	12	18
0	346.7	20	28	27	18	7
0	356.0	26	21	27	18	9
0	325.4	10	23	29	28	10
0	338.4	12	28	34	18	7
0	360.4	26	29	19	18	7
0	350.6	21	29	27	14	9
0	335.5	12	28	34	19	9
0	371.3	27	30	24	16	3
0	366.6	31	30	23	14	3
0	359.0	28	30	28	11	4
0	357.0	26	32	26	11	6
0	368.2	24	29	24	17	6
0	358.9	18	36	28	10	7
0	342.7	13	29	30	21	7
0	350.6	21	29	34	11	5
0	351.8	17	37	29	13	5
0	386.1	23	49	18	9	1
0	342.5	11	32	33	19	6
0	364.3	33	23	24	11	10
0	306.1	3	18	30	31	17
0	389.6	34	42	18	4	1
0	*	*	*	*	*	*
0	334.9	9	28	28	27	8
0	352.0	23	28	30	12	7
0	340.3	21	24	26	14	15
0	345.9	19	30	29	13	8
0	313.1	4	21	27	32	16
0	337.2	15	24	27	27	7
0	*	*	*	*	*	*
0	319.9	6	19	41	18	16
0	356.5	22	34	31	7	6
0	312.6	4	21	29	34	12
0	283.7	0	7	24	39	30
0	*	*	*	*	*	*
0	316.2	0	17	50	17	17
0	305.0	2	11	22	47	18
0	322.1	4	16	48	20	12
0	*	*	*	*	*	*
0	332.6	16	27	24	13	20
0	327.5	15	21	28	14	23
0	333.6	14	24	32	16	15
0	332.1	5	29	45	17	4
0	336.0	10	25	42	15	8
0	311.5	0	16	53	16	16
0	337.9	12	32	22	30	4
0	285.3	1	9	24	46	20
0	326.7	9	24	36	17	15
0	320.4	7	22	32	22	18
0	285.8	3	14	19	42	22
0	*	*	*	*	*	*
0	*	*	*	*	*	*
0	313.2	8	18	30	25	20
0	285.5	0	10	21	41	28
0	332.9	14	25	33	16	12
0	274.4	0	4	15	49	32
0	325.8	13	23	31	18	16
0	281.4	1	9	22	33	35
0	*	*	*	*	*	*
0	274.4	0	7	20	38	35
0	317.4	7	20	35	18	21
0	334.8	17	22	28	16	17
0	270.0	0	3	18	51	27
0	326.6	14	23	27	13	23
0	299.4	3	19	25	35	17
0	306.9	0	15	50	12	23
0	308.7	2	12	40	26	20
0	335.1	7	31	39	11	12
0	*	*	*	*	*	*
0	*	*	*	*	*	*
0	273.9	6	13	14	5	61
0	327.6	5	22	45	17	11
0	326.2	15	21	27	14	24
0	*	*	*	*	*	*
0	311.8	0	16	51	15	19
0	*	*	*	*	*	*
0	319.5	6	20	39	19	17
0	316.0	4	16	40	24	16
0	294.4	3	13	24	42	18
0	301.7	3	16	29	33	20
0	276.2	1	9	20	39	32
0	334.9	13	25	33	15	13
0	*	*	*	*	*	*
0	*	*	*	*	*	*
0	302.9	4	20	25	35	16
0	317.6	6	22	25	32	15
0	296.8	4	13	26	29	28
0	324.1	8	24	29	33	7
0	309.4	12	15	25	40	8
0	325.7	12	21	33	24	10
0	319.2	10	21	26	36	7
0	343.8	15	29	35	19	2
0	331.2	9	29	23	34	5
0	328.0	19	19	25	34	3
0	309.2	16	15	24	27	18
0	309.8	8	19	27	29	18
0	327.8	15	25	25	21	15
0	301.6	4	23	20	31	22
0	330.4	16	24	24	17	20
0	315.7	12	21	24	26	17
0	287.0	0	11	38	27	25
0	295.1	0	15	26	41	18
0	296.2	5	20	22	33	20
0	292.9	0	11	36	35	18
0	292.2	1	18	25	38	18
0	283.5	5	5	23	36	32
0	291.2	0	12	31	35	21
0	35.9	0	0	0	0	0
0	35.6	0	0	0	0	0
0	35.8	0	0	0	0	0
0	36.6	0	0	0	0	0
0	36.2	0	0	0	0	0
0	31.6	0	0	0	0	0
0	36.5	0	0	0	0	0
0	36.1	0	0	0	0	0
0	35.0	0	0	0	0	0
0	40.3	0	0	0	0	0
0	36.4	0	0	0	0	0
0	39.9	0	0	0	0	0
0	39.7	0	0	0	0	0
0	38.3	0	0	0	0	0
0	*	*	*	*	*	*
0	*	*	*	*	*	*
0	353.6	23	31	25	13	8
0	373.8	30	34	18	14	4
0	387.1	37	26	23	12	2
0	346.3	17	28	33	17	5
0	367.5	35	28	24	9	3
0	379.4	35	29	21	14	1
0	378.5	33	19	25	15	7
0	360.5	30	29	23	12	6
0	365.9	23	32	28	11	6
0	358.6	25	32	29	11	3
0	356.0	20	30	28	15	8
0	345.7	13	32	32	20	4
0	358.1	22	35	27	10	6
0	428.0	55	27	9	9	0
0	331.2	4	34	28	29	5
0	356.0	24	35	24	11	6
0	342.9	17	29	30	12	12
0	321.2	5	23	34	29	10
0	*	*	*	*	*	*
0	368.3	30	30	20	12	9
0	361.7	27	32	18	0	23
0	338.1	22	17	33	17	11
0	348.4	8	40	40	11	0
0	295.7	2	14	23	41	20
0	363.5	22	36	31	5	5
0	334.0	13	29	28	11	19
0	*	*	*	*	*	*
0	357.1	26	32	25	11	7
0	314.8	7	20	22	35	16
0	*	*	*	*	*	*
0	339.9	11	30	26	26	6
0	283.0	1	6	19	50	24
0	339.7	18	27	27	17	11
0	*	*	*	*	*	*
0	*	*	*	*	*	*
0	342.4	11	35	38	8	8
0	341.1	26	18	26	13	16
0	340.6	15	25	30	19	11
0	305.4	3	17	32	38	10
0	*	*	*	*	*	*
0	*	*	*	*	*	*
0	336.4	19	22	27	9	24
0	346.6	24	20	29	11	17
0	280.3	0	20	13	13	53
0	347.1	11	37	37	11	4
0	336.7	8	35	29	21	6
0	*	*	*	*	*	*
0	285.4	0	7	28	47	18
0	342.0	18	28	26	10	18
0	344.7	17	29	31	11	11
0	333.4	17	21	41	10	10
0	340.8	19	24	34	15	9
0	*	*	*	*	*	*
0	*	*	*	*	*	*
0	333.4	17	26	26	15	16
0	285.5	0	3	34	31	31
0	301.1	3	13	29	35	20
0	319.2	7	21	27	30	14
0	314.8	6	21	24	35	15
0	345.1	17	27	38	12	6
0	348.7	18	29	31	13	9
0	341.3	16	28	35	12	9
0	335.8	18	25	30	11	16
0	313.5	4	20	30	32	13
0	312.8	4	21	33	33	9
0	302.2	0	18	27	36	18
0	*	*	*	*	*	*
0	340.4	13	31	30	20	6
0	335.4	18	22	25	9	25
0	328.8	0	28	50	11	11
0	310.5	17	8	17	50	8
0	312.4	0	25	42	33	0
0	317.9	7	43	0	43	7
0	343.0	17	39	17	17	11
0	371.3	26	37	15	19	4
0	351.7	12	44	28	16	0
0	344.8	30	15	19	33	4
0	357.8	35	18	24	24	0
0	340.6	13	20	27	40	0
0	300.5	4	13	26	30	26
0	329.9	17	26	13	39	4
0	*	*	*	*	*	*
0	351.8	19	31	25	13	13
0	349.4	21	36	14	21	7
0	*	*	*	*	*	*
0	*	*	*	*	*	*
0	*	*	*	*	*	*
0	292.9	0	17	33	22	28
0	*	*	*	*	*	*
0	276.0	0	0	31	46	23
0	*	*	*	*	*	*
0	*	*	*	*	*	*
0	*	*	*	*	*	*
0	*	*	*	*	*	*
0	*	*	*	*	*	*
0	*	*	*	*	*	*
0	*	*	*	*	*	*
0	*	*	*	*	*	*
0	*	*	*	*	*	*
0	*	*	*	*	*	*
0	*	*	*	*	*	*
0	*	*	*	*	*	*
0	*	*	*	*	*	*
0	*	*	*	*	*	*
0	*	*	*	*	*	*
0	*	*	*	*	*	*
0	*	*	*	*	*	*
0	*	*	*	*	*	*
0	*	*	*	*	*	*
0	*	*	*	*	*	*
0	*	*	*	*	*	*
0	*	*	*	*	*	*
0	*	*	*	*	*	*
0	438.0	63	24	7	4	1
0	409.2	57	25	11	4	2
0	467.3	71	19	7	2	0
0	387.2	41	32	19	5	3
0	414.7	65	20	9	3	2
0	453.7	75	15	6	3	1
0	420.7	55	29	11	3	3
0	474.8	68	20	7	3	1
0	406.1	63	22	10	3	2
0	401.4	59	22	13	4	2
0	437.9	60	23	11	5	1
0	410.4	43	36	12	7	2
0	475.3	75	20	4	1	0
0	405.5	54	29	11	3	3
0	408.1	61	21	11	4	3
0	405.4	40	33	16	9	2
0	451.6	67	28	5	0	0
0	339.2	15	26	29	21	9
0	412.8	60	19	13	4	4
0	528.5	85	15	0	0	0
0	466.7	74	13	7	4	2
0	462.2	75	18	0	5	2
0	404.1	56	27	14	2	1
0	*	*	*	*	*	*
0	330.1	8	42	25	0	25
0	394.2	39	46	11	2	1
0	350.1	21	28	34	10	6
0	433.1	59	29	9	3	0
0	306.2	4	20	26	25	26
0	375.9	24	42	22	10	2
0	349.4	16	28	25	24	6
0	398.6	55	23	14	5	4
0	409.9	57	19	16	5	2
0	377.4	33	32	30	2	2
0	377.8	39	27	24	7	3
0	390.2	44	26	19	6	5
0	394.9	49	25	17	5	5
0	382.9	46	27	18	6	3
0	322.4	7	20	29	29	15
0	315.1	4	22	31	34	9
0	374.5	27	33	25	11	4
0	343.0	17	25	39	8	11
0	385.1	37	34	25	3	1
0	*	*	*	*	*	*
0	*	*	*	*	*	*
0	312.8	0	28	28	17	28
0	378.1	37	27	24	8	4
0	418.1	46	38	11	4	1
0	384.9	31	36	19	11	3
0	*	*	*	*	*	*
0	412.8	60	22	12	3	3
0	317.2	7	25	23	25	20
0	329.0	0	33	50	8	8
0	*	*	*	*	*	*
0	351.2	20	23	39	11	6
0	345.1	22	23	23	15	16
0	320.8	9	21	29	24	17
0	387.1	41	31	16	5	7
0	298.9	3	14	25	45	13
0	296.3	0	11	33	39	17
0	382.1	44	26	18	6	5
0	321.7	21	15	23	5	36
0	388.1	45	29	22	3	1
0	320.6	3	30	33	13	20
0	382.4	39	30	26	3	1
0	390.6	45	26	19	6	5
0	330.5	12	25	28	22	13
0	380.7	31	33	19	14	3
0	379.8	32	29	22	12	6
0	403.4	41	28	16	12	4
0	397.3	50	26	17	5	3
0	348.1	21	27	33	10	9
0	372.7	31	31	30	6	3
0	*	*	*	*	*	*
0	*	*	*	*	*	*
0	*	*	*	*	*	*
0	315.9	5	26	24	23	23
0	397.1	36	36	16	9	2
0	359.5	15	48	11	26	0
0	336.6	19	16	42	16	6
0	321.4	13	24	18	40	4
0	344.4	24	18	24	29	6
0	377.5	33	21	19	23	5
0	350.6	20	38	18	24	0
0	342.8	22	30	26	20	2
0	327.2	17	19	27	29	8
0	336.0	19	24	14	31	12
0	318.0	19	10	23	16	32
0	312.7	10	26	23	26	16
0	333.4	16	16	31	29	9
0	355.0	19	36	29	10	7
0	*	*	*	*	*	*
0	328.8	17	17	25	33	8
0	308.1	14	24	7	38	17
0	*	*	*	*	*	*
0	*	*	*	*	*	*
0	*	*	*	*	*	*
0	315.3	11	15	30	33	11
0	36.2	0	0	0	0	0
0	38.4	0	0	0	0	0
0	35.0	0	0	0	0	0
0	34.4	0	0	0	0	0
0	37.7	0	0	0	0	0
0	40.9	0	0	0	0	0
0	35.9	0	0	0	0	0
0	37.0	0	0	0	0	0
0	36.3	0	0	0	0	0
0	38.6	0	0	0	0	0
0	*	*	*	*	*	*
0	34.7	0	0	0	0	0
0	33.2	0	0	0	0	0
0	34.7	0	0	0	0	0
0	*	*	*	*	*	*
0	*	*	*	*	*	*
0	*	*	*	*	*	*
0	*	*	*	*	*	*
0	397.5	49	28	15	5	2
0	417.3	52	30	11	5	2
0	439.1	60	24	12	4	1
0	373.9	29	38	23	7	2
0	398.9	57	27	12	2	1
0	422.6	62	23	10	4	1
0	437.8	54	30	11	4	1
0	399.9	40	41	15	4	1
0	392.9	52	31	13	3	1
0	381.7	43	32	20	3	1
0	392.6	34	36	20	8	2
0	383.1	28	40	22	8	1
0	435.7	56	35	8	1	0
0	387.6	38	40	17	4	1
0	389.1	47	29	18	4	2
0	384.6	26	42	19	11	3
0	*	*	*	*	*	*
0	383.2	43	28	19	6	4
0	341.9	11	34	32	16	6
0	430.6	55	38	6	2	0
0	*	*	*	*	*	*
0	428.2	63	20	11	4	2
0	396.9	47	34	14	1	3
0	352.6	16	35	39	7	3
0	385.9	42	38	17	3	1
0	351.5	19	34	32	8	7
0	368.7	14	43	43	0	0
0	*	*	*	*	*	*
0	*	*	*	*	*	*
0	360.3	15	41	31	12	1
0	297.6	0	15	33	32	20
0	408.0	46	34	11	9	0
0	339.5	8	33	32	22	6
0	387.5	46	32	18	3	1
0	371.0	32	37	24	6	2
0	306.1	1	22	25	34	18
0	351.0	17	30	32	17	5
0	313.1	4	19	34	37	6
0	394.4	31	50	12	6	0
0	311.3	3	13	47	25	13
0	*	*	*	*	*	*
0	359.1	19	37	38	6	1
0	359.0	23	29	39	6	3
0	361.2	24	35	31	6	4
0	360.7	19	47	29	5	0
0	371.5	32	30	25	8	6
0	377.4	37	29	25	5	3
0	331.4	27	14	18	18	23
0	364.4	23	45	23	7	3
0	387.0	48	27	17	5	3
0	346.7	18	29	39	5	9
0	335.2	10	23	45	15	7
0	*	*	*	*	*	*
0	*	*	*	*	*	*
0	304.7	0	27	25	32	16
0	342.1	11	35	26	22	6
0	286.3	1	7	28	49	15
0	314.1	4	22	32	27	15
0	372.5	31	35	21	7	6
0	309.2	3	17	34	34	12
0	366.2	29	34	26	7	4
0	371.3	22	37	22	15	4
0	341.0	14	27	30	20	9
0	335.1	9	31	33	19	8
0	342.6	12	30	30	23	4
0	348.7	13	37	25	20	5
0	*	*	*	*	*	*
0	376.2	36	34	23	5	3
0	358.0	19	40	32	7	2
0	306.8	1	21	34	30	14
0	346.4	14	29	42	11	4
0	351.6	20	32	34	7	7
0	374.1	34	30	23	7	5
0	343.3	17	25	58	0	0
0	344.0	18	26	41	15	0
0	334.6	6	36	24	30	3
0	365.4	30	26	11	30	4
0	356.2	21	36	24	15	3
0	332.7	14	30	19	33	5
0	371.1	23	41	18	15	3
0	342.6	7	44	35	12	2
0	334.6	22	27	5	35	11
0	318.5	12	19	28	33	9
0	291.0	3	15	31	23	28
0	310.0	11	21	18	34	16
0	332.6	16	32	16	20	16
0	*	*	*	*	*	*
0	352.3	26	30	26	4	15
0	*	*	*	*	*	*
0	329.7	13	30	26	22	9
0	*	*	*	*	*	*
0	314.3	6	18	41	29	6
0	*	*	*	*	*	*
0	319.3	13	25	25	21	17
0	*	*	*	*	*	*
0	34.6	0	0	0	0	0
0	*	*	*	*	*	*
0	34.4	0	0	0	0	0
0	37.7	0	0	0	0	0
0	36.2	0	0	0	0	0
0	36.9	0	0	0	0	0
0	34.1	0	0	0	0	0
0	34.7	0	0	0	0	0
0	35.3	0	0	0	0	0
0	34.9	0	0	0	0	0
0	36.4	0	0	0	0	0
0	37.3	0	0	0	0	0
0	37.4	0	0	0	0	0
0	*	*	*	*	*	*
0	*	*	*	*	*	*
0	365.1	27	31	20	17	5
0	343.8	19	28	27	16	11
0	382.7	32	29	23	13	3
0	330.7	11	25	33	21	10
0	358.5	28	29	27	12	4
0	377.1	36	29	21	12	2
0	375.2	26	30	24	16	4
0	351.4	22	31	29	12	6
0	352.0	16	34	30	13	7
0	348.8	19	29	35	12	4
0	353.8	17	31	28	18	5
0	346.4	13	32	31	19	5
0	348.5	15	36	30	13	6
0	398.2	33	42	18	5	1
0	342.7	12	30	28	24	7
0	*	*	*	*	*	*
0	350.4	21	29	31	12	7
0	366.3	32	24	22	12	8
0	386.5	25	49	20	5	1
0	317.3	5	22	34	28	12
0	337.7	19	23	29	15	14
0	*	*	*	*	*	*
0	*	*	*	*	*	*
0	353.0	21	31	33	10	5
0	*	*	*	*	*	*
0	287.7	0	0	36	40	24
0	*	*	*	*	*	*
0	321.1	9	14	35	23	19
0	321.0	7	19	40	18	17
0	292.5	2	11	28	37	23
0	326.8	7	27	32	27	7
0	344.9	19	28	32	13	8
0	366.1	27	30	26	12	5
0	314.5	4	22	28	33	13
0	341.5	21	24	26	12	17
0	325.9	6	19	48	18	10
0	338.2	5	40	41	6	7
0	307.8	3	20	28	22	28
0	338.1	10	29	43	10	9
0	330.6	16	21	28	15	20
0	297.0	1	14	25	39	20
0	328.3	9	26	31	22	12
0	333.6	13	25	34	17	10
0	296.1	1	13	30	42	14
0	323.6	8	20	38	15	18
0	336.6	8	27	45	14	6
0	335.8	16	23	31	14	15
0	288.7	0	0	38	38	24
0	357.5	19	36	26	16	3
0	*	*	*	*	*	*
0	329.7	10	22	38	18	12
0	286.1	1	10	27	36	27
0	289.1	1	13	21	42	23
0	333.0	15	20	32	18	14
0	249.0	0	0	0	29	71
0	323.3	7	27	28	29	9
0	*	*	*	*	*	*
0	301.2	0	0	58	13	29
0	315.1	4	13	44	24	15
0	321.1	6	20	41	15	18
0	279.3	0	7	22	48	22
0	327.1	14	24	25	15	22
0	294.2	2	12	29	32	25
0	287.2	1	9	22	45	23
0	328.0	13	23	32	18	14
0	278.9	4	8	19	15	54
0	344.7	15	30	38	10	7
0	311.8	1	19	42	17	20
0	292.6	0	0	44	30	26
0	320.2	3	27	39	14	17
0	336.4	10	25	42	13	9
0	322.7	7	23	27	31	12
0	311.5	6	19	30	27	19
0	310.3	4	19	32	30	15
0	304.2	3	17	29	38	13
0	338.3	15	25	35	15	10
0	321.5	7	19	40	17	17
0	*	*	*	*	*	*
0	328.9	15	21	27	15	22
0	326.8	8	28	28	28	8
0	*	*	*	*	*	*
0	323.7	6	19	45	20	11
0	288.1	1	12	22	41	24
0	259.1	0	0	5	50	45
0	327.0	7	29	26	32	6
0	307.5	12	15	24	38	11
0	330.1	13	23	29	24	10
0	333.4	12	29	21	30	6
0	354.9	19	31	21	25	4
0	344.0	12	35	32	19	2
0	330.2	17	22	27	30	4
0	312.5	16	16	23	29	16
0	327.4	11	24	24	31	11
0	308.2	5	23	20	31	21
0	*	*	*	*	*	*
0	313.8	11	21	24	27	17
0	320.6	12	22	26	27	13
0	332.9	13	24	30	19	14
0	306.9	8	13	30	31	18
0	311.1	8	17	31	30	15
0	299.6	6	18	23	36	17
0	299.6	5	15	26	36	18
0	303.4	7	13	31	33	16
0	305.1	4	18	32	33	14
0	306.7	7	15	31	32	16
0	34.3	0	0	0	0	0
0	36.8	0	0	0	0	0
0	37.8	0	0	0	0	0
0	35.4	0	0	0	0	0
0	36.1	0	0	0	0	0
0	37.3	0	0	0	0	0
0	36.7	0	0	0	0	0
0	37.8	0	0	0	0	0
0	37.4	0	0	0	0	0
0	40.5	0	0	0	0	0
0	38.9	0	0	0	0	0
0	39.7	0	0	0	0	0
0	39.6	0	0	0	0	0
0	39.2	0	0	0	0	0
0	375.8	28	35	22	14	1
0	346.8	24	27	27	18	4
0	384.4	34	32	20	13	1
0	351.8	24	27	32	15	3
0	381.2	34	29	20	14	4
0	345.7	24	25	30	16	5
0	375.6	32	27	21	15	6
0	342.4	19	26	26	12	16
0	359.8	28	22	25	17	9
0	349.1	21	28	27	17	7
0	329.2	11	24	28	27	10
0	342.4	13	32	33	17	6
0	366.6	30	31	23	11	6
0	387.2	41	27	18	11	4
0	389.5	36	32	19	9	3
0	349.5	16	33	33	13	5
0	375.2	38	30	25	6	2
0	390.2	46	25	20	7	2
0	392.4	35	28	22	10	4
0	369.8	31	36	21	10	2
0	370.2	26	37	23	8	6
0	360.6	25	33	33	6	3
0	365.2	20	34	28	14	4
0	362.8	18	38	26	16	3
0	362.5	23	36	26	10	4
0	455.9	63	26	11	0	0
0	354.8	19	29	26	19	7
0	351.4	24	26	28	14	8
0	359.2	26	30	28	9	6
0	393.0	31	50	13	6	0
0	314.1	4	17	40	31	9
0	379.6	40	21	20	12	7
0	*	*	*	*	*	*
0	333.3	0	31	55	10	3
0	323.3	3	19	47	17	14
0	*	*	*	*	*	*
0	342.6	24	15	24	24	12
0	302.9	0	26	17	30	26
0	358.7	27	28	29	11	6
0	337.5	8	34	34	21	3
0	357.6	27	26	31	10	5
0	*	*	*	*	*	*
0	324.7	6	26	24	33	11
0	289.2	0	10	21	52	17
0	329.6	8	25	38	21	7
0	346.0	16	32	33	12	6
0	301.6	2	17	28	45	7
0	336.2	15	23	37	13	12
0	*	*	*	*	*	*
0	342.8	19	27	28	13	14
0	346.8	19	27	32	10	12
0	343.4	10	31	44	14	2
0	*	*	*	*	*	*
0	348.2	22	17	61	0	0
0	341.0	11	22	56	7	4
0	342.1	16	23	45	9	7
0	*	*	*	*	*	*
0	332.4	17	33	13	13	25
0	261.5	0	0	9	55	36
0	311.1	2	11	45	24	17
0	*	*	*	*	*	*
0	330.1	10	27	25	34	3
0	350.2	26	24	28	7	15
0	291.9	0	8	38	43	13
0	335.0	18	24	30	16	12
0	308.7	6	15	29	31	19
0	339.0	18	27	21	12	21
0	275.2	0	7	18	43	32
0	322.4	8	21	33	25	13
0	311.7	3	19	35	31	13
0	337.4	14	25	24	28	11
0	333.6	11	29	23	34	3
0	330.8	10	22	42	12	13
0	269.6	0	0	20	47	33
0	319.3	6	24	31	33	6
0	347.2	21	25	33	11	10
0	325.3	6	20	44	20	10
0	339.2	10	25	51	9	5
0	*	*	*	*	*	*
0	340.7	20	25	27	14	14
0	*	*	*	*	*	*
0	*	*	*	*	*	*
0	*	*	*	*	*	*
0	*	*	*	*	*	*
0	333.7	13	33	13	40	0
0	*	*	*	*	*	*
0	355.2	31	8	38	23	0
0	335.0	0	30	45	25	0
0	323.1	11	28	17	39	6
0	341.0	12	41	18	18	12
0	290.8	5	16	21	37	21
0	*	*	*	*	*	*
0	306.3	9	27	9	27	27
0	*	*	*	*	*	*
0	*	*	*	*	*	*
0	*	*	*	*	*	*
0	*	*	*	*	*	*
0	*	*	*	*	*	*
0	*	*	*	*	*	*
0	*	*	*	*	*	*
0	*	*	*	*	*	*
0	*	*	*	*	*	*
0	*	*	*	*	*	*
0	*	*	*	*	*	*
0	*	*	*	*	*	*
0	*	*	*	*	*	*
0	*	*	*	*	*	*
0	*	*	*	*	*	*
0	*	*	*	*	*	*
0	*	*	*	*	*	*
0	*	*	*	*	*	*
0	*	*	*	*	*	*
0	*	*	*	*	*	*
0	*	*	*	*	*	*
0	415.9	52	30	11	6	2
0	390.0	45	31	15	6	4
0	376.3	33	36	21	7	3
0	432.0	56	26	12	5	1
0	418.8	59	25	11	4	1
0	403.8	60	23	12	3	2
0	392.3	52	29	13	4	2
0	424.6	48	30	14	7	2
0	406.7	46	36	13	3	2
0	397.4	38	34	18	8	2
0	387.4	48	30	17	4	2
0	392.7	44	36	14	4	2
0	439.8	56	35	8	1	0
0	384.8	30	39	21	8	2
0	432.5	63	19	11	4	3
0	430.2	56	36	7	1	0
0	*	*	*	*	*	*
0	375.1	23	38	23	13	3
0	384.6	45	27	18	6	5
0	338.1	11	32	29	18	9
0	421.8	57	29	5	0	10
0	394.2	52	28	14	4	3
0	408.6	44	35	15	5	1
0	306.7	4	18	27	30	20
0	389.0	49	28	15	5	3
0	333.6	7	31	28	26	9
0	*	*	*	*	*	*
0	389.6	47	32	16	3	2
0	372.7	24	46	23	5	2
0	350.1	21	30	32	8	9
0	369.0	19	43	28	9	1
0	442.3	56	38	3	0	3
0	*	*	*	*	*	*
0	359.3	22	33	36	6	2
0	343.6	8	45	35	6	7
0	378.2	40	27	18	7	8
0	372.6	36	27	21	7	8
0	378.6	40	27	20	6	6
0	309.0	2	21	35	13	29
0	362.5	23	38	33	4	3
0	*	*	*	*	*	*
0	394.8	34	45	13	7	1
0	*	*	*	*	*	*
0	316.6	3	23	35	30	8
0	352.6	24	31	29	7	9
0	362.6	21	37	34	6	3
0	362.6	28	31	25	9	6
0	330.6	2	37	30	26	5
0	300.2	1	15	28	37	19
0	371.5	37	31	20	7	5
0	349.0	15	30	32	17	6
0	302.3	3	14	32	31	20
0	371.0	33	31	18	8	10
0	291.4	1	10	22	43	23
0	366.9	35	28	21	8	8
0	305.7	4	13	33	33	17
0	384.8	44	27	17	6	5
0	343.0	14	26	41	13	6
0	342.7	20	27	28	10	14
0	286.9	1	9	27	43	20
0	*	*	*	*	*	*
0	*	*	*	*	*	*
0	357.7	17	38	24	17	4
0	*	*	*	*	*	*
0	*	*	*	*	*	*
0	*	*	*	*	*	*
0	371.0	30	36	26	4	3
0	324.4	4	32	35	9	20
0	304.4	15	15	16	15	38
0	365.8	26	35	31	5	3
0	371.8	36	27	21	7	9
0	*	*	*	*	*	*
0	330.8	6	36	35	8	15
0	315.3	0	15	55	25	5
0	*	*	*	*	*	*
0	354.3	18	32	37	9	4
0	*	*	*	*	*	*
0	364.0	20	39	23	15	4
0	330.1	9	28	29	21	12
0	379.5	40	31	20	6	4
0	348.4	22	30	30	8	11
0	311.8	4	19	32	31	14
0	*	*	*	*	*	*
0	335.9	13	24	30	22	11
0	344.3	14	31	29	21	6
0	355.9	17	32	24	20	7
0	336.1	12	30	19	33	6
0	333.4	24	20	21	30	6
0	348.8	22	26	25	20	7
0	342.2	16	30	21	28	5
0	353.4	18	32	21	23	4
0	368.4	27	35	24	12	1
0	359.5	34	19	22	23	3
0	339.3	14	27	23	28	8
0	338.0	26	20	18	24	12
0	339.2	22	24	20	21	13
0	*	*	*	*	*	*
0	315.5	9	23	21	27	20
0	304.1	3	7	47	32	12
0	341.9	22	22	24	22	10
0	353.5	27	25	19	16	13
0	313.1	9	15	28	36	12
0	311.1	12	16	26	30	15
0	323.4	10	23	30	24	13
0	303.0	3	9	44	32	12
0	292.9	0	14	32	32	23
0	304.7	4	11	38	33	14
0	36.8	0	0	0	0	0
0	36.3	0	0	0	0	0
0	35.2	0	0	0	0	0
0	35.5	0	0	0	0	0
0	35.0	0	0	0	0	0
0	36.2	0	0	0	0	0
0	36.4	0	0	0	0	0
0	35.3	0	0	0	0	0
0	36.6	0	0	0	0	0
0	39.3	0	0	0	0	0
0	38.3	0	0	0	0	0
0	40.1	0	0	0	0	0
0	38.3	0	0	0	0	0
0	39.0	0	0	0	0	0
0	*	*	*	*	*	*
0	*	*	*	*	*	*
0	*	*	*	*	*	*
0	*	*	*	*	*	*
0	*	*	*	*	*	*
0	*	*	*	*	*	*
0	*	*	*	*	*	*
0	*	*	*	*	*	*
0	*	*	*	*	*	*
0	*	*	*	*	*	*
0	*	*	*	*	*	*
0	*	*	*	*	*	*
0	327.9	12	24	28	21	15
0	349.0	20	30	22	20	7
0	364.8	24	28	27	17	4
0	315.0	5	20	34	26	15
0	341.6	17	29	31	16	7
0	362.7	29	29	24	15	3
0	360.3	21	28	26	19	5
0	337.7	14	28	33	16	9
0	336.9	10	29	34	17	11
0	334.2	11	26	39	16	7
0	338.1	12	27	31	22	8
0	335.0	9	29	33	23	7
0	334.5	10	30	33	17	10
0	396.2	33	42	18	6	1
0	334.6	9	28	28	26	9
0	336.7	14	26	34	16	10
0	372.2	20	47	28	4	0
0	324.2	13	20	29	17	20
0	310.8	4	19	32	30	15
0	*	*	*	*	*	*
0	347.3	24	23	25	15	12
0	326.9	16	19	28	15	22
0	292.7	0	7	22	48	22
0	*	*	*	*	*	*
0	331.6	4	39	39	5	13
0	326.2	5	19	48	20	8
0	*	*	*	*	*	*
0	*	*	*	*	*	*
0	342.6	14	28	37	14	7
0	315.1	5	15	41	19	20
0	282.6	1	8	21	40	29
0	342.1	10	35	32	18	5
0	318.0	5	23	31	31	10
0	330.8	12	25	34	17	12
0	310.7	4	20	26	33	17
0	290.6	1	11	22	43	23
0	321.7	8	21	36	21	14
0	290.6	1	11	27	45	16
0	323.7	9	22	31	23	14
0	317.9	6	18	39	17	19
0	321.9	7	19	37	21	15
0	336.3	14	28	29	23	7
0	279.5	0	8	28	34	30
0	328.5	4	26	50	13	7
0	284.1	0	5	21	26	49
