District Code	Mean Scale Score	Percentage Advanced	Percentage Proficient	Percentage Basic	Percentage Below Basic	Percentage Far Below Basic
0	368.8	33	30	20	10	7
0	390.7	39	29	17	10	4
0	409.3	47	26	16	9	2
0	356.4	23	31	27	11	8
0	382.6	44	28	20	6	2
0	400.5	46	27	17	8	1
0	402.4	36	32	18	11	3
0	375.9	37	32	22	6	3
0	377.4	29	37	23	7	5
0	374.0	37	30	23	8	2
0	377.1	28	33	23	12	3
0	369.4	24	34	24	14	4
0	376.3	35	34	21	8	3
0	441.2	57	33	8	2	0
0	362.1	19	34	23	18	5
0	514.6	91	9	0	0	0
0	375.2	39	27	22	8	4
0	365.9	33	25	24	8	9
0	325.1	7	25	32	24	11
0	427.5	53	35	10	2	0
0	409.9	51	21	15	7	6
0	*	*	*	*	*	*
0	268.4	0	4	12	44	40
0	*	*	*	*	*	*
0	377.1	38	31	23	5	3
0	335.4	11	26	38	12	13
0	352.4	22	33	26	7	11
0	329.0	4	26	53	10	7
0	364.9	31	28	23	6	12
0	350.5	15	35	29	18	4
0	299.1	3	13	29	35	21
0	438.5	57	33	9	1	1
0	371.6	35	29	22	9	4
0	404.3	42	33	16	6	3
0	324.4	6	25	28	29	11
0	345.7	18	25	37	14	6
0	359.0	24	32	34	7	3
0	295.0	1	12	26	42	20
0	345.5	14	30	31	18	7
0	354.7	28	28	26	11	7
0	395.2	33	40	18	8	1
0	303.1	2	16	33	38	12
0	353.8	24	27	27	8	14
0	*	*	*	*	*	*
0	362.4	29	28	25	10	9
0	313.1	1	16	46	17	19
0	356.9	21	34	32	8	5
0	338.6	14	26	35	11	13
0	348.0	21	26	33	11	9
0	244.6	0	0	0	15	85
0	302.4	0	16	33	37	13
0	291.8	0	11	27	44	18
0	296.8	2	11	26	36	25
0	364.1	33	24	25	9	9
0	334.0	13	25	36	12	15
0	330.6	11	22	36	17	14
0	320.1	2	25	45	11	17
0	309.5	0	12	44	32	12
0	296.3	10	14	22	11	43
0	280.9	1	7	24	47	21
0	350.0	25	26	25	10	14
0	350.7	15	32	28	20	4
0	350.0	25	27	27	12	10
0	302.3	3	15	31	31	20
0	285.6	1	9	19	45	26
0	359.6	27	30	31	8	4
0	*	*	*	*	*	*
0	*	*	*	*	*	*
0	333.1	12	23	30	23	12
0	342.4	14	27	24	25	10
0	293.2	0	12	28	43	18
0	358.8	19	33	26	18	4
0	319.0	6	22	31	27	14
0	327.1	11	23	28	29	9
0	354.4	23	29	34	10	5
0	353.3	24	26	27	8	15
0	307.4	0	10	44	31	15
0	322.3	3	23	49	12	13
0	343.5	16	28	34	13	9
0	335.6	12	26	37	12	13
0	362.4	30	28	27	8	7
0	288.0	1	10	21	32	35
0	313.1	9	19	27	39	6
0	325.5	6	28	30	32	4
0	335.2	15	25	24	30	6
0	338.0	20	23	23	23	11
0	334.5	17	20	31	28	3
0	353.9	19	31	24	23	3
0	342.6	15	29	35	18	3
0	329.8	20	20	21	25	14
0	327.4	11	27	24	28	10
0	309.1	8	22	22	28	19
0	328.8	20	19	21	28	12
0	*	*	*	*	*	*
0	305.9	6	18	27	34	16
0	334.5	21	23	21	23	12
0	339.8	16	28	30	17	10
0	292.4	2	10	26	47	16
0	310.6	9	19	26	29	17
0	305.4	6	17	27	32	17
0	300.9	6	15	26	35	17
0	303.2	6	17	27	32	18
0	298.9	2	12	29	39	17
0	313.6	7	21	29	28	14
0	301.8	3	12	31	39	14
0	290.0	4	13	25	35	24
0	299.0	4	14	28	37	17
0	299.2	3	12	30	40	16
0	302.8	6	16	27	34	17
0	35.5	0	0	0	0	0
0	36.2	0	0	0	0	0
0	35.8	0	0	0	0	0
0	36.4	0	0	0	0	0
0	39.3	0	0	0	0	0
0	38.5	0	0	0	0	0
0	39.7	0	0	0	0	0
0	38.6	0	0	0	0	0
0	39.2	0	0	0	0	0
0	35.4	0	0	0	0	0
0	37.1	0	0	0	0	0
0	36.4	0	0	0	0	0
0	36.3	0	0	0	0	0
0	37.5	0	0	0	0	0
0	373.6	27	32	25	15	1
0	348.0	26	25	29	18	3
0	354.0	25	29	27	16	3
0	380.0	28	37	20	13	2
0	384.9	35	30	18	16	1
0	349.4	28	25	27	15	6
0	348.0	25	23	25	11	15
0	388.6	37	23	19	13	8
0	364.4	32	22	21	12	13
0	357.9	26	29	26	12	8
0	343.2	15	34	27	17	6
0	339.4	15	24	30	17	13
0	392.8	41	28	16	10	5
0	364.3	31	30	20	11	9
0	412.7	49	25	15	8	2
0	352.6	21	30	27	12	9
0	377.9	41	28	21	7	3
0	401.7	47	27	17	9	2
0	402.4	36	31	18	11	3
0	380.5	32	36	21	6	5
0	370.8	34	32	23	7	4
0	369.2	34	30	23	9	3
0	377.6	28	33	23	12	4
0	369.9	25	33	24	14	4
0	370.3	32	33	22	9	4
0	438.7	55	34	9	2	0
0	358.8	19	33	24	20	5
0	368.2	35	27	23	9	5
0	*	*	*	*	*	*
0	432.1	56	34	8	2	0
0	322.8	7	24	31	25	13
0	368.3	36	23	22	8	11
0	520.3	88	12	0	0	0
0	415.8	54	19	13	6	7
0	332.6	5	31	48	10	6
0	361.9	26	35	27	5	7
0	338.8	13	28	34	11	13
0	348.9	20	25	36	12	6
0	373.8	38	25	19	4	14
0	406.5	45	31	14	7	3
0	299.7	3	14	28	34	22
0	353.3	16	36	28	17	4
0	260.5	0	0	9	45	45
0	443.2	58	36	7	0	0
0	379.6	41	29	21	5	4
0	*	*	*	*	*	*
0	366.2	32	29	23	10	6
0	322.5	7	24	27	30	13
0	293.2	1	12	24	42	22
0	348.6	25	27	26	13	9
0	*	*	*	*	*	*
0	348.2	22	26	31	11	11
0	403.7	37	40	16	6	1
0	301.8	1	15	32	36	15
0	305.5	3	18	33	34	12
0	348.2	16	30	30	18	7
0	362.4	30	26	23	7	14
0	364.2	31	27	22	9	10
0	365.5	29	33	29	6	3
0	343.5	19	27	30	10	14
0	363.3	27	34	27	7	5
0	317.1	2	20	49	13	17
0	*	*	*	*	*	*
0	311.9	0	20	33	33	13
0	322.7	3	27	42	11	17
0	335.5	15	23	32	15	15
0	337.8	16	26	32	10	16
0	365.3	32	29	27	8	4
0	298.2	12	15	19	10	45
0	*	*	*	*	*	*
0	304.1	3	16	30	31	20
0	355.8	30	25	21	9	15
0	283.8	1	8	26	45	20
0	294.4	0	14	26	41	19
0	360.1	20	34	25	18	4
0	361.6	33	22	23	10	11
0	296.4	3	7	24	34	31
0	284.2	1	8	18	44	28
0	344.9	24	25	26	13	12
0	294.9	1	14	26	41	18
0	285.9	3	5	18	34	39
0	368.7	23	35	23	16	4
0	317.2	6	22	30	27	15
0	329.5	11	24	28	27	10
0	335.7	14	24	28	22	12
0	339.3	14	26	23	26	11
0	359.7	27	28	31	9	5
0	310.8	0	18	35	29	18
0	361.5	30	26	22	7	15
0	362.8	31	27	26	8	8
0	339.4	15	27	33	11	14
0	325.2	4	27	46	11	13
0	*	*	*	*	*	*
0	348.9	21	28	29	11	10
0	326.8	7	28	28	32	5
0	310.5	8	18	27	40	7
0	333.4	19	22	22	24	12
0	335.1	15	24	23	31	7
0	331.6	17	19	30	31	3
0	350.5	18	31	23	24	4
0	344.7	16	30	33	18	2
0	324.0	12	25	23	29	12
0	321.3	18	19	20	27	17
0	321.5	18	17	20	29	15
0	*	*	*	*	*	*
0	305.8	9	20	22	29	21
0	305.0	6	18	25	34	17
0	328.3	19	22	19	25	15
0	342.3	18	28	29	16	10
0	308.4	9	18	25	29	19
0	302.2	6	17	28	32	19
0	296.2	3	10	26	49	13
0	299.5	3	13	29	38	17
0	296.9	5	15	26	36	19
0	300.6	6	17	26	31	20
0	315.0	8	21	29	27	15
0	298.2	5	12	28	38	17
0	287.1	3	12	25	35	25
0	305.5	4	14	31	37	14
0	300.2	5	16	27	34	18
0	301.5	3	13	29	39	15
0	39.3	0	0	0	0	0
0	38.5	0	0	0	0	0
0	39.4	0	0	0	0	0
0	38.3	0	0	0	0	0
0	39.1	0	0	0	0	0
0	35.2	0	0	0	0	0
0	37.8	0	0	0	0	0
0	36.4	0	0	0	0	0
0	36.5	0	0	0	0	0
0	38.0	0	0	0	0	0
0	35.3	0	0	0	0	0
0	36.1	0	0	0	0	0
0	36.0	0	0	0	0	0
0	36.7	0	0	0	0	0
0	339.3	23	22	29	22	4
0	371.5	27	33	22	17	1
0	379.9	29	34	21	14	1
0	345.5	20	28	28	19	4
0	340.6	22	26	26	17	9
0	385.4	36	29	18	17	1
0	383.5	35	23	17	14	10
0	336.9	21	20	25	13	22
0	341.3	22	23	28	14	13
0	366.8	35	26	14	11	14
0	339.0	15	27	26	16	16
0	334.7	12	30	30	21	8
0	373.6	35	30	20	9	5
0	388.4	37	31	19	11	3
0	405.9	46	27	16	9	2
0	360.2	24	32	27	10	7
0	387.3	47	28	18	5	2
0	399.3	46	27	18	8	1
0	402.5	35	33	19	11	2
0	374.2	27	38	24	7	4
0	381.0	41	31	20	5	2
0	378.9	40	30	22	7	1
0	376.7	27	34	24	12	3
0	368.9	24	34	25	13	3
0	382.4	38	35	19	6	2
0	444.0	59	32	6	2	0
0	365.4	20	36	23	17	4
0	494.3	100	0	0	0	0
0	363.3	30	27	27	9	8
0	327.8	7	26	34	23	9
0	382.2	43	28	20	7	3
0	422.3	51	36	11	2	0
0	*	*	*	*	*	*
0	403.9	48	23	17	8	5
0	342.2	18	31	24	10	16
0	331.6	9	23	42	14	12
0	*	*	*	*	*	*
0	374.7	35	33	25	5	2
0	274.6	0	7	14	43	36
0	427.2	53	29	13	3	3
0	348.0	13	34	30	18	4
0	377.1	38	29	22	7	3
0	298.3	2	11	30	37	19
0	402.0	40	34	17	6	2
0	326.4	6	27	28	29	10
0	326.0	2	21	59	10	8
0	356.5	24	30	28	7	11
0	342.6	16	26	38	15	6
0	351.5	19	31	39	8	3
0	345.3	18	27	31	9	14
0	307.4	1	10	43	23	22
0	*	*	*	*	*	*
0	360.7	27	29	27	10	7
0	297.2	1	13	28	41	17
0	343.2	13	29	33	18	7
0	360.7	31	29	26	10	5
0	300.6	2	14	33	41	11
0	386.2	28	40	21	10	1
0	303.2	0	16	35	39	11
0	347.7	20	27	35	11	8
0	*	*	*	*	*	*
0	332.8	9	26	41	12	12
0	351.5	17	34	36	9	4
0	326.2	8	21	39	19	13
0	329.4	8	23	40	15	13
0	297.1	0	16	28	38	19
0	366.4	32	27	26	9	6
0	288.6	0	8	28	46	17
0	341.7	11	30	31	23	5
0	277.6	0	6	22	50	22
0	355.1	26	28	27	11	7
0	300.6	2	13	32	32	20
0	344.0	20	27	30	11	13
0	287.2	1	9	20	45	25
0	307.6	0	5	53	32	11
0	316.9	1	23	48	11	17
0	293.9	8	13	27	12	41
0	352.4	20	32	35	9	4
0	*	*	*	*	*	*
0	*	*	*	*	*	*
0	348.4	18	29	37	11	5
0	304.8	0	5	50	32	14
0	345.1	19	27	31	9	14
0	330.6	11	23	31	23	12
0	321.2	6	23	33	26	12
0	324.7	10	22	28	30	9
0	345.8	15	29	24	24	8
0	349.2	14	32	30	21	4
0	291.2	0	9	29	45	17
0	290.0	0	15	23	31	31
0	331.2	9	24	41	14	12
0	362.0	28	29	29	8	5
0	338.7	12	27	37	14	9
0	319.3	1	20	52	13	14
0	319.0	10	21	28	35	6
0	323.1	5	27	33	33	3
0	347.6	23	26	23	20	8
0	335.5	13	26	25	29	6
0	338.6	13	28	40	17	3
0	360.0	21	32	24	20	3
0	339.9	18	22	33	23	3
0	346.2	24	22	22	23	9
0	333.7	11	29	27	26	7
0	315.7	8	25	24	27	16
0	343.9	23	24	22	25	6
0	307.4	5	17	29	34	15
0	347.2	24	26	24	18	8
0	335.0	12	29	31	18	10
0	312.4	7	19	26	34	14
0	315.1	8	20	28	30	14
0	283.8	0	9	26	43	23
0	298.0	1	11	30	41	17
0	307.8	6	17	30	33	15
0	307.9	9	15	28	34	14
0	310.9	5	21	31	31	13
0	299.9	2	17	28	35	17
0	294.9	5	14	25	34	22
0	294.9	2	8	31	44	15
0	295.2	1	10	30	42	17
0	307.6	6	17	28	34	15
0	36.0	0	0	0	0	0
0	36.3	0	0	0	0	0
0	35.4	0	0	0	0	0
0	35.9	0	0	0	0	0
0	35.9	0	0	0	0	0
0	35.4	0	0	0	0	0
0	36.2	0	0	0	0	0
0	36.0	0	0	0	0	0
0	36.6	0	0	0	0	0
0	39.4	0	0	0	0	0
0	38.5	0	0	0	0	0
0	40.5	0	0	0	0	0
0	39.2	0	0	0	0	0
0	39.2	0	0	0	0	0
0	375.7	28	31	27	14	1
0	356.8	29	27	28	13	1
0	362.5	29	30	26	13	2
0	380.0	26	40	18	13	2
0	384.8	35	31	18	15	1
0	358.0	34	24	27	12	3
0	358.5	30	26	25	10	9
0	393.6	40	23	20	11	6
0	362.0	29	19	28	12	13
0	374.1	31	34	24	9	3
0	353.5	20	38	25	13	5
0	339.7	15	20	36	19	10
0	406.6	47	29	14	8	3
0	384.2	42	31	16	7	5
0	374.0	30	36	23	7	4
0	425.9	55	26	12	6	1
0	416.5	55	26	13	5	1
0	399.9	57	27	13	3	1
0	391.2	47	34	15	3	1
0	419.7	43	33	15	7	2
0	394.2	37	40	17	3	2
0	389.4	32	36	21	9	2
0	386.3	45	32	18	4	1
0	388.1	41	37	17	4	1
0	380.0	28	37	23	10	2
0	442.0	57	33	7	2	0
0	366.6	21	36	23	17	4
0	377.1	38	27	23	6	6
0	334.9	9	30	33	20	8
0	514.6	91	9	0	0	0
0	423.2	56	22	13	5	4
0	*	*	*	*	*	*
0	427.9	54	35	10	2	0
0	385.0	44	29	19	5	2
0	353.7	15	36	30	16	3
0	274.8	0	5	15	45	35
0	437.8	56	34	9	1	1
0	405.4	43	33	15	6	2
0	310.1	4	17	32	30	16
0	381.8	40	32	20	5	2
0	330.2	7	28	28	27	10
0	335.3	4	29	56	7	3
0	348.2	19	26	38	12	5
0	370.2	33	29	23	5	10
0	358.4	24	36	26	7	7
0	342.8	13	30	38	10	9
0	381.6	41	32	22	4	2
0	*	*	*	*	*	*
0	245.8	0	0	0	18	82
0	357.6	25	30	31	8	6
0	346.2	17	30	34	9	10
0	358.7	22	35	32	8	4
0	363.9	27	29	27	7	10
0	361.2	25	33	34	6	2
0	316.9	2	18	48	14	18
0	372.8	33	31	24	7	5
0	*	*	*	*	*	*
0	297.5	1	14	27	40	18
0	364.6	32	31	25	8	4
0	347.0	14	30	31	18	6
0	395.9	33	40	18	8	1
0	307.4	1	18	37	36	9
0	307.4	2	18	35	36	10
0	284.0	0	7	26	47	19
0	294.9	0	12	29	44	15
0	351.9	16	32	28	20	4
0	304.4	3	15	32	31	19
0	360.6	29	29	25	8	10
0	287.5	1	9	20	44	25
0	359.7	29	30	27	9	6
0	309.5	0	12	44	32	12
0	322.7	3	26	46	11	14
0	361.9	28	31	30	7	4
0	310.3	14	18	24	9	35
0	*	*	*	*	*	*
0	335.0	12	24	37	15	11
0	342.9	15	29	35	10	10
0	374.9	38	27	23	7	6
0	299.5	2	12	28	37	21
0	296.8	0	13	30	42	14
0	291.1	1	11	23	34	31
0	370.8	34	30	26	6	4
0	343.5	15	29	36	10	10
0	356.8	24	30	33	9	4
0	363.4	28	29	27	7	10
0	347.1	17	29	34	12	8
0	326.6	3	26	50	10	11
0	307.4	0	10	44	31	15
0	*	*	*	*	*	*
0	335.7	13	24	30	22	11
0	333.3	12	25	29	27	7
0	350.4	16	30	24	22	8
0	360.0	19	33	27	18	4
0	329.7	8	27	33	22	10
0	327.6	8	26	29	32	4
0	320.5	11	21	28	34	5
0	346.8	25	24	20	21	9
0	334.2	16	23	22	33	6
0	355.3	21	30	23	22	4
0	345.1	22	22	30	24	3
0	351.4	20	31	31	16	2
0	329.0	13	26	23	27	11
0	342.7	25	22	20	21	13
0	343.5	25	20	20	24	10
0	*	*	*	*	*	*
0	311.6	10	22	23	27	19
0	347.8	21	28	27	14	10
0	309.2	6	18	30	33	13
0	345.8	27	22	19	20	12
0	323.7	13	23	25	23	15
0	297.6	2	11	31	42	15
0	306.8	7	17	27	31	18
0	301.5	6	16	27	35	17
0	304.8	4	15	32	36	14
0	313.3	9	19	28	29	15
0	324.5	10	24	29	25	11
0	294.4	6	14	26	31	23
0	303.7	4	11	33	37	15
0	298.8	5	12	29	36	17
0	304.0	6	16	28	34	17
0	303.5	3	13	32	37	14
0	34.9	0	0	0	0	0
0	36.1	0	0	0	0	0
0	35.7	0	0	0	0	0
0	35.5	0	0	0	0	0
0	36.7	0	0	0	0	0
0	38.6	0	0	0	0	0
0	37.9	0	0	0	0	0
0	39.0	0	0	0	0	0
0	37.8	0	0	0	0	0
0	38.8	0	0	0	0	0
0	34.9	0	0	0	0	0
0	36.0	0	0	0	0	0
0	35.4	0	0	0	0	0
0	36.1	0	0	0	0	0
0	416.1	62	26	8	2	2
0	446.6	67	22	7	3	1
0	461.4	70	20	7	3	0
0	398.1	46	34	15	3	2
0	422.0	71	20	7	1	0
0	443.1	68	21	8	3	0
0	456.5	59	27	10	4	1
0	410.4	61	28	10	2	0
0	412.7	51	34	12	2	1
0	400.5	55	30	12	3	1
0	411.0	45	32	17	6	1
0	393.3	35	36	20	7	2
0	402.0	51	32	14	3	1
0	469.2	70	24	5	1	1
0	376.6	26	35	21	15	3
0	396.9	53	26	15	4	2
0	441.3	61	30	8	1	0
0	392.5	47	26	19	4	4
0	517.7	95	5	0	0	0
0	441.5	64	19	11	3	3
0	339.4	7	33	38	16	5
0	310.4	2	18	35	33	12
0	395.4	49	30	17	3	1
0	455.3	69	22	8	0	0
0	*	*	*	*	*	*
0	373.9	37	34	21	6	2
0	348.1	17	31	37	7	8
0	339.0	8	17	71	4	0
0	394.8	46	30	14	5	5
0	364.7	29	30	27	10	4
0	425.7	52	31	12	4	1
0	358.1	19	32	30	16	3
0	395.2	50	29	16	4	2
0	341.9	12	30	26	24	8
0	299.1	0	17	27	40	16
0	377.0	41	30	20	7	2
0	310.4	4	17	36	35	9
0	357.5	18	33	29	15	5
0	373.4	35	31	25	6	2
0	379.0	35	30	24	5	7
0	*	*	*	*	*	*
0	387.0	41	30	20	5	4
0	361.7	26	36	29	6	4
0	369.1	31	32	27	7	3
0	319.7	0	33	29	29	10
0	417.6	44	38	13	5	0
0	372.4	35	31	24	6	4
0	*	*	*	*	*	*
0	*	*	*	*	*	*
0	390.3	46	29	17	4	5
0	359.2	19	32	27	18	3
0	298.2	0	14	30	42	14
0	335.3	12	24	39	15	11
0	354.8	23	32	31	7	7
0	*	*	*	*	*	*
0	324.7	19	20	25	6	30
0	365.9	32	30	27	7	4
0	*	*	*	*	*	*
0	304.9	3	14	32	32	18
0	370.0	33	31	23	6	7
0	289.2	1	7	28	50	14
0	369.4	33	32	23	7	5
0	300.9	3	19	20	32	25
0	349.4	18	25	27	20	9
0	368.7	24	30	21	19	6
0	372.9	25	33	24	15	3
0	333.8	6	30	37	20	7
0	*	*	*	*	*	*
0	366.2	31	30	27	8	4
0	379.6	36	29	23	5	7
0	351.5	21	28	33	11	7
0	334.2	6	21	62	9	3
0	*	*	*	*	*	*
0	301.9	0	18	29	39	14
0	351.4	19	32	34	7	7
0	385.4	43	30	19	4	3
0	347.1	18	24	28	24	6
0	343.5	32	16	26	26	0
0	340.5	15	15	54	15	0
0	325.1	13	22	26	35	4
0	320.0	20	20	13	30	17
0	367.7	31	25	28	14	3
0	399.8	45	28	21	7	0
0	379.3	33	40	20	3	3
0	352.6	20	33	22	16	9
0	339.1	14	30	26	18	12
0	363.6	39	16	15	23	7
0	315.7	16	9	26	32	18
0	371.0	33	26	31	2	7
0	377.3	45	16	18	10	12
0	297.5	0	17	33	25	25
0	312.8	13	25	13	31	19
0	*	*	*	*	*	*
0	336.5	12	24	36	26	2
0	309.1	2	20	39	28	11
0	311.3	8	17	33	33	8
0	308.0	11	28	6	22	33
0	327.3	10	33	23	21	13
0	299.4	5	9	32	45	9
0	289.4	4	10	27	27	31
0	324.9	0	36	27	36	0
0	304.5	7	19	21	32	21
0	312.6	4	22	30	41	4
0	*	*	*	*	*	*
0	*	*	*	*	*	*
0	*	*	*	*	*	*
0	*	*	*	*	*	*
0	37.5	0	0	0	0	0
0	*	*	*	*	*	*
0	*	*	*	*	*	*
0	36.7	0	0	0	0	0
0	41.1	0	0	0	0	0
0	34.8	0	0	0	0	0
0	*	*	*	*	*	*
0	*	*	*	*	*	*
0	38.6	0	0	0	0	0
0	37.1	0	0	0	0	0
0	446.5	71	23	5	1	0
0	415.5	57	35	6	1	1
0	386.8	32	48	19	1	0
0	452.5	68	25	7	1	0
0	443.3	71	21	7	1	0
0	412.7	69	27	4	0	0
0	393.9	47	41	12	0	0
0	434.7	48	35	13	4	0
0	393.2	33	47	19	2	0
0	388.8	30	40	24	6	1
0	379.3	35	42	21	2	0
0	375.8	27	48	22	3	1
0	427.8	50	38	9	3	0
0	375.9	24	40	26	9	1
0	405.4	47	26	18	6	3
0	*	*	*	*	*	*
0	407.3	39	43	15	2	1
0	358.4	16	37	25	18	3
0	366.2	28	30	31	7	4
0	343.8	8	35	39	15	3
0	*	*	*	*	*	*
0	372.6	31	37	27	4	1
0	386.5	38	28	18	10	6
0	312.3	2	18	40	31	9
0	369.6	27	39	27	4	1
0	325.9	5	27	31	29	8
0	334.9	9	29	34	24	4
0	*	*	*	*	*	*
0	423.9	45	45	10	0	0
0	*	*	*	*	*	*
0	364.2	25	35	33	5	2
0	348.9	16	38	28	10	9
0	339.3	8	31	44	12	5
0	337.0	12	22	43	17	6
0	363.8	27	31	27	6	10
0	332.1	2	32	58	3	5
0	329.9	7	20	67	0	7
0	363.3	24	33	31	8	4
0	357.5	22	29	34	7	8
0	346.7	15	29	42	12	3
0	347.4	16	29	41	8	6
0	346.2	14	32	40	11	4
0	352.2	18	31	39	7	4
0	*	*	*	*	*	*
0	368.7	21	38	23	16	2
0	302.8	0	11	41	41	7
0	301.0	1	13	35	41	10
0	305.8	1	17	32	37	14
0	356.1	22	35	34	7	2
0	339.1	11	28	31	22	7
0	306.8	2	16	35	31	16
0	354.0	22	29	32	9	8
0	294.1	1	10	25	47	17
0	349.8	18	31	36	10	5
0	284.5	0	7	27	49	17
0	297.9	0	14	32	41	13
0	336.5	10	28	31	25	6
0	359.9	27	29	32	7	5
0	327.2	8	21	41	19	11
0	341.0	12	29	40	10	8
0	355.3	21	33	36	8	3
0	318.1	12	21	31	10	26
0	305.5	0	11	50	18	21
0	319.8	1	21	55	10	12
0	346.5	17	28	40	12	4
0	357.4	22	29	33	7	8
0	358.3	22	32	36	6	3
0	341.4	11	30	42	11	6
0	*	*	*	*	*	*
0	297.6	0	13	33	41	13
0	336.0	11	26	40	15	8
0	342.4	12	30	30	23	5
0	338.2	7	32	39	18	4
0	329.6	10	23	32	25	11
0	319.1	6	21	32	33	8
0	345.1	12	31	27	24	6
0	343.2	35	6	6	35	18
0	347.7	37	21	5	26	11
0	359.3	32	27	11	23	7
0	381.4	40	17	14	29	0
0	349.1	26	23	31	18	3
0	369.8	20	41	20	16	2
0	355.5	37	20	12	15	17
0	377.8	45	14	18	19	5
0	337.5	13	25	27	21	13
0	329.9	15	21	24	32	9
0	396.3	49	31	7	10	3
0	371.9	26	43	21	9	2
0	362.7	22	37	26	12	3
0	*	*	*	*	*	*
0	332.5	17	21	33	17	13
0	354.0	24	32	24	16	4
0	365.9	29	27	30	14	0
0	366.2	23	47	16	13	2
0	321.2	3	26	41	26	3
0	320.4	5	20	40	30	5
0	303.8	7	7	33	33	20
0	325.2	12	18	38	20	12
0	332.7	16	21	29	23	11
0	324.1	5	23	41	28	3
0	*	*	*	*	*	*
0	*	*	*	*	*	*
0	*	*	*	*	*	*
0	*	*	*	*	*	*
0	40.5	0	0	0	0	0
0	*	*	*	*	*	*
0	*	*	*	*	*	*
0	42.4	0	0	0	0	0
0	41.6	0	0	0	0	0
0	38.5	0	0	0	0	0
0	*	*	*	*	*	*
0	*	*	*	*	*	*
0	40.5	0	0	0	0	0
0	43.6	0	0	0	0	0
0	329.7	10	29	30	15	15
0	350.5	18	33	26	17	7
0	354.7	19	30	30	17	3
0	307.6	3	18	35	25	19
0	339.4	13	31	33	15	9
0	362.7	22	33	29	14	2
0	359.0	21	26	25	21	6
0	327.0	7	25	37	15	16
0	336.9	14	28	35	15	8
0	335.4	14	24	37	18	8
0	338.9	14	24	33	18	11
0	347.1	15	31	25	23	5
0	333.2	11	30	30	19	10
0	*	*	*	*	*	*
0	352.7	15	31	35	15	4
0	337.9	14	27	33	17	9
0	*	*	*	*	*	*
0	330.6	14	23	34	13	16
0	325.2	3	36	29	20	13
0	347.1	25	24	19	17	15
0	*	*	*	*	*	*
0	324.3	3	21	50	16	11
0	347.5	16	31	36	12	6
0	282.3	0	0	30	53	16
0	*	*	*	*	*	*
0	325.5	2	30	35	28	6
0	335.7	13	29	33	15	11
0	306.3	0	19	31	36	13
0	344.1	29	13	21	21	17
0	*	*	*	*	*	*
0	*	*	*	*	*	*
0	322.3	11	22	30	12	25
0	*	*	*	*	*	*
0	322.4	12	16	35	16	21
0	296.1	0	9	33	46	12
0	317.3	8	19	34	21	18
0	299.7	0	14	41	36	9
0	360.3	25	29	18	25	4
0	316.7	3	21	41	16	19
0	*	*	*	*	*	*
0	*	*	*	*	*	*
0	344.3	15	29	37	7	12
0	347.0	23	23	30	13	10
0	332.0	13	26	32	13	16
0	340.9	12	29	39	17	2
0	314.2	0	23	38	35	4
0	325.2	20	20	17	14	29
0	331.7	6	33	28	25	8
0	313.0	12	18	26	12	31
0	287.2	2	14	19	47	19
0	306.2	5	19	29	25	22
0	288.1	0	4	30	50	15
0	*	*	*	*	*	*
0	285.4	8	8	23	8	54
0	*	*	*	*	*	*
0	347.1	17	39	22	17	6
0	322.5	13	20	28	13	26
0	347.1	15	32	23	24	6
0	319.6	6	20	32	32	10
0	310.9	0	21	36	39	4
0	313.8	2	27	29	29	14
0	304.1	1	18	33	37	11
0	336.8	10	27	42	13	8
0	*	*	*	*	*	*
0	332.7	12	26	35	14	14
0	339.0	18	24	32	13	13
0	*	*	*	*	*	*
0	311.9	0	32	26	37	5
0	319.5	0	38	38	8	15
0	357.1	13	38	19	31	0
0	339.8	11	37	32	11	11
0	330.5	20	23	23	33	3
0	380.8	31	34	11	23	0
0	346.1	17	29	43	11	0
0	327.6	9	30	22	35	4
0	289.8	0	26	19	33	22
0	328.7	10	24	33	19	14
0	334.2	22	30	17	13	17
0	313.8	10	35	10	25	20
0	*	*	*	*	*	*
0	323.5	5	47	16	11	21
0	*	*	*	*	*	*
0	311.5	6	25	19	31	19
0	297.4	0	20	20	50	10
0	301.9	0	28	28	22	22
0	305.1	0	28	11	44	17
0	*	*	*	*	*	*
0	*	*	*	*	*	*
0	*	*	*	*	*	*
0	293.5	0	13	44	31	13
0	*	*	*	*	*	*
0	306.6	6	19	25	44	6
0	*	*	*	*	*	*
0	*	*	*	*	*	*
0	*	*	*	*	*	*
0	*	*	*	*	*	*
0	*	*	*	*	*	*
0	*	*	*	*	*	*
0	*	*	*	*	*	*
0	*	*	*	*	*	*
0	*	*	*	*	*	*
0	*	*	*	*	*	*
0	310.7	5	9	45	41	0
0	333.6	23	14	27	27	9
0	376.7	29	43	14	14	0
0	343.1	7	36	43	7	7
0	339.7	29	29	14	21	7
0	363.4	29	29	14	29	0
0	*	*	*	*	*	*
0	*	*	*	*	*	*
0	*	*	*	*	*	*
0	*	*	*	*	*	*
0	*	*	*	*	*	*
0	*	*	*	*	*	*
0	437.7	61	26	10	2	0
0	407.7	57	28	11	3	2
0	396.8	46	32	16	4	2
0	468.8	75	17	6	2	0
0	455.3	76	17	6	1	0
0	420.8	72	19	7	1	0
0	469.9	67	25	6	2	0
0	415.7	68	24	7	1	0
0	423.0	57	34	8	1	0
0	414.7	68	23	8	1	0
0	436.2	59	31	8	2	0
0	429.2	56	33	9	2	0
0	423.3	68	24	6	1	0
0	456.3	66	28	5	1	0
0	405.6	39	38	16	7	1
0	524.3	95	5	0	0	0
0	423.3	74	18	6	1	0
0	419.1	65	23	10	1	1
0	485.3	84	11	4	1	0
0	361.1	18	40	27	11	4
0	437.9	60	32	7	1	0
0	382.8	27	44	22	7	1
0	357.9	18	33	24	18	6
0	452.1	60	34	6	0	0
0	418.8	69	23	7	1	0
0	419.8	50	32	14	4	1
0	368.3	19	40	24	14	3
0	353.5	9	47	42	2	0
0	387.9	47	37	10	5	1
0	411.1	55	27	13	1	3
0	366.6	26	38	29	3	3
0	412.3	64	27	8	1	0
0	*	*	*	*	*	*
0	*	*	*	*	*	*
0	376.6	36	33	26	4	1
0	382.5	43	33	21	1	1
0	322.4	0	29	36	29	7
0	*	*	*	*	*	*
0	392.7	49	32	15	3	2
0	376.6	37	38	17	5	3
0	397.9	45	32	18	3	2
0	412.1	58	28	11	2	1
0	382.1	37	39	20	3	1
0	334.9	6	38	31	25	0
0	314.7	2	25	29	31	13
0	370.0	24	36	26	12	2
0	398.8	59	28	11	2	1
0	410.6	39	42	14	5	0
0	331.1	5	31	37	23	4
0	305.3	2	17	35	33	12
0	397.8	49	31	15	3	2
0	375.5	23	38	25	12	2
0	322.8	5	24	35	25	11
0	315.5	4	23	20	39	14
0	395.3	53	30	13	3	1
0	349.8	15	41	37	5	2
0	359.0	24	32	31	8	5
0	*	*	*	*	*	*
0	338.3	31	25	11	6	26
0	*	*	*	*	*	*
0	379.3	41	34	18	4	3
0	414.9	65	23	9	1	1
0	*	*	*	*	*	*
0	319.2	1	27	36	27	8
0	383.6	43	34	20	3	1
0	*	*	*	*	*	*
0	380.9	41	33	22	3	1
0	383.6	27	39	23	10	1
0	318.9	1	27	36	29	8
0	*	*	*	*	*	*
0	405.6	59	28	11	2	1
0	398.7	46	32	17	3	3
0	349.9	11	44	39	6	1
0	*	*	*	*	*	*
0	370.9	31	37	25	4	3
0	371.9	32	36	25	5	3
0	404.5	39	36	16	8	2
0	366.9	23	32	26	14	4
0	376.9	27	37	23	11	2
0	360.8	18	40	27	12	4
0	381.1	18	55	18	9	0
0	328.9	10	31	28	28	3
0	366.2	26	34	20	18	2
0	363.9	21	42	17	21	0
0	383.0	32	30	24	14	0
0	373.7	22	49	20	7	2
0	360.6	30	26	31	11	2
0	360.8	29	29	22	15	5
0	376.8	15	50	20	15	0
0	387.3	17	57	22	4	0
0	384.4	43	4	39	7	7
0	379.6	33	43	17	5	2
0	358.3	22	35	28	11	4
0	365.0	19	44	19	13	6
0	*	*	*	*	*	*
0	*	*	*	*	*	*
0	338.0	20	20	20	20	20
0	331.8	0	54	31	0	15
0	*	*	*	*	*	*
0	334.7	24	18	24	29	6
0	354.6	25	33	17	25	0
0	*	*	*	*	*	*
0	*	*	*	*	*	*
0	296.4	0	27	20	33	20
0	336.6	16	25	25	25	9
0	319.6	0	37	42	5	16
0	402.6	43	21	29	7	0
0	358.3	29	29	29	14	0
0	396.9	56	25	16	3	0
0	439.0	55	36	6	3	0
0	448.3	73	18	4	6	0
0	385.5	56	22	14	8	0
0	397.9	61	10	16	10	3
0	500.4	81	16	3	0	0
0	471.0	83	0	8	0	8
0	416.7	75	8	0	8	8
0	*	*	*	*	*	*
0	*	*	*	*	*	*
0	363.3	26	31	23	15	6
0	345.0	19	30	26	15	10
0	332.1	11	27	33	16	13
0	382.0	34	29	21	13	3
0	377.4	34	29	23	12	2
0	360.1	27	31	28	10	4
0	353.8	21	34	30	9	6
0	373.3	24	33	24	16	4
0	352.1	15	36	31	11	8
0	353.6	17	32	29	18	5
0	352.1	21	31	31	13	4
0	352.3	19	35	29	12	5
0	409.1	40	41	13	5	1
0	348.2	15	31	29	19	5
0	341.0	19	24	31	12	14
0	387.7	29	44	20	5	1
0	342.2	12	31	26	24	7
0	*	*	*	*	*	*
0	352.3	24	28	29	12	7
0	375.2	36	24	20	11	9
0	315.6	5	21	33	28	14
0	*	*	*	*	*	*
0	263.1	0	5	5	43	48
0	*	*	*	*	*	*
0	354.7	22	31	34	8	5
0	327.2	8	23	40	14	15
0	292.4	1	9	28	38	24
0	297.8	1	14	25	22	38
0	319.0	1	21	52	12	14
0	344.6	21	27	27	7	18
0	330.2	10	21	41	19	9
0	347.6	20	29	30	14	7
0	364.7	26	30	24	12	8
0	314.4	5	21	27	33	14
0	325.3	7	26	31	28	8
0	*	*	*	*	*	*
0	353.6	16	31	29	20	3
0	293.4	1	12	29	42	16
0	293.5	1	12	25	42	20
0	328.6	9	25	31	24	12
0	333.3	15	25	33	17	10
0	336.9	12	25	42	15	6
0	339.2	17	25	31	14	13
0	331.0	14	23	31	11	21
0	*	*	*	*	*	*
0	304.3	2	8	45	25	20
0	337.6	11	29	38	13	9
0	328.8	10	22	39	13	16
0	334.4	13	23	38	14	12
0	*	*	*	*	*	*
0	294.0	0	13	28	40	20
0	289.0	0	10	27	42	21
0	280.5	0	14	18	27	41
0	336.6	17	22	32	15	14
0	323.6	8	20	39	15	18
0	316.5	6	17	36	21	20
0	301.9	1	13	41	16	30
0	308.4	0	14	38	33	14
0	290.5	6	13	25	10	45
0	342.9	17	26	36	13	8
0	328.3	14	23	32	17	15
0	297.6	2	14	29	31	24
0	282.6	1	7	18	45	28
0	277.3	0	6	22	49	23
0	328.3	15	22	29	14	21
0	324.5	8	25	30	29	8
0	289.0	0	10	26	42	21
0	328.2	9	26	30	27	8
0	310.1	4	18	32	30	16
0	315.3	7	19	30	27	18
0	323.6	8	23	25	31	13
0	330.8	14	23	30	11	22
0	336.5	13	24	39	16	8
0	310.8	1	16	47	15	20
0	304.3	0	12	36	32	20
0	304.7	4	17	28	37	14
0	323.7	7	21	37	18	16
0	326.5	8	22	40	14	16
0	341.1	17	25	36	12	10
0	274.4	0	11	14	25	50
0	306.6	7	16	27	43	7
0	323.0	5	27	30	34	4
0	332.8	13	25	24	31	7
0	329.8	17	23	23	25	12
0	328.5	14	20	32	31	3
0	351.2	18	32	23	24	3
0	337.9	13	28	37	19	3
0	323.8	10	26	24	29	11
0	321.9	17	19	21	27	15
0	322.6	18	19	21	30	13
0	305.0	7	21	23	29	20
0	336.6	14	28	31	18	10
0	304.2	6	17	24	36	18
0	331.2	19	23	21	24	13
0	303.5	6	16	26	35	17
0	305.8	7	18	26	31	18
0	289.1	2	7	25	49	18
0	291.9	2	9	25	43	21
0	310.0	5	21	28	31	14
0	302.0	8	14	25	35	18
0	300.0	5	16	27	32	20
0	295.2	3	14	28	37	18
0	284.5	2	11	24	36	26
0	301.0	3	12	30	40	14
0	295.0	2	10	27	43	18
0	301.7	6	15	26	35	18
0	36.4	0	0	0	0	0
0	36.6	0	0	0	0	0
0	36.3	0	0	0	0	0
0	36.5	0	0	0	0	0
0	40.4	0	0	0	0	0
0	39.4	0	0	0	0	0
0	40.4	0	0	0	0	0
0	39.3	0	0	0	0	0
0	39.5	0	0	0	0	0
0	36.1	0	0	0	0	0
0	38.2	0	0	0	0	0
0	37.0	0	0	0	0	0
0	36.7	0	0	0	0	0
0	38.0	0	0	0	0	0
0	347.2	25	24	30	18	3
0	372.2	27	32	25	16	1
0	378.5	27	37	20	14	2
0	352.3	24	28	28	17	3
0	347.5	28	24	27	15	6
0	380.5	33	30	19	17	1
0	384.2	35	24	19	13	9
0	344.8	23	23	25	12	17
0	355.3	24	28	28	12	7
0	360.0	30	23	22	12	14
0	334.7	14	24	29	18	15
0	337.3	12	34	27	19	7
0	356.1	23	29	22	18	7
0	346.3	19	31	25	14	11
0	339.7	13	29	33	14	10
0	378.5	33	29	21	13	4
0	371.9	31	30	24	13	3
0	364.7	31	31	27	8	3
0	365.0	20	33	25	17	5
0	357.6	23	36	28	8	4
0	355.5	16	38	29	9	7
0	358.1	25	32	30	9	4
0	350.9	15	31	31	18	5
0	344.6	13	32	30	20	6
0	357.3	22	36	28	10	5
0	419.0	47	41	11	1	0
0	338.2	11	30	25	26	8
0	*	*	*	*	*	*
0	357.5	27	30	26	12	5
0	348.8	22	27	29	11	12
0	378.8	37	25	19	11	8
0	314.5	4	21	32	28	15
0	368.4	27	28	27	15	2
0	*	*	*	*	*	*
0	*	*	*	*	*	*
0	326.2	7	22	43	13	16
0	362.0	25	35	29	7	4
0	323.5	5	19	48	19	10
0	279.6	0	0	23	23	55
0	343.8	21	27	27	7	18
0	323.6	7	22	38	24	10
0	314.4	4	24	30	29	13
0	287.7	1	7	28	36	28
0	350.7	22	30	28	14	7
0	363.5	26	30	23	14	8
0	317.2	6	22	24	32	16
0	288.2	1	10	21	46	22
0	312.5	6	19	31	27	17
0	336.9	16	26	33	16	9
0	284.5	1	9	26	45	20
0	317.4	9	15	35	31	9
0	342.4	13	35	35	13	5
0	329.6	15	23	29	12	22
0	341.4	17	27	31	14	12
0	*	*	*	*	*	*
0	330.5	9	26	37	13	14
0	304.7	0	7	53	27	13
0	336.7	14	26	36	13	11
0	324.2	9	23	36	14	18
0	*	*	*	*	*	*
0	287.4	0	12	32	36	20
0	282.0	0	8	20	50	22
0	*	*	*	*	*	*
0	321.3	8	18	38	18	18
0	340.0	21	21	30	16	12
0	298.9	0	27	13	27	33
0	311.6	4	15	37	22	22
0	*	*	*	*	*	*
0	291.0	3	15	24	15	42
0	*	*	*	*	*	*
0	322.4	6	20	39	20	15
0	307.4	5	21	27	34	13
0	270.1	0	3	21	47	29
0	329.6	14	25	28	14	19
0	284.3	1	9	28	30	33
0	273.5	0	5	13	48	33
0	329.7	13	26	31	16	14
0	322.2	8	23	23	32	14
0	300.0	4	14	29	28	25
0	294.6	3	13	26	39	19
0	308.9	4	18	31	29	18
0	324.9	7	22	38	21	12
0	*	*	*	*	*	*
0	330.0	15	23	29	12	22
0	310.7	2	18	39	24	18
0	*	*	*	*	*	*
0	324.9	7	21	41	14	16
0	316.6	5	18	37	19	20
0	*	*	*	*	*	*
0	343.0	18	27	33	12	10
0	282.9	0	9	22	48	21
0	308.8	5	20	28	34	13
0	321.4	5	23	28	37	6
0	312.2	8	20	29	35	8
0	323.6	15	24	20	30	12
0	319.6	10	21	28	32	9
0	339.8	14	28	24	27	7
0	321.7	12	17	32	35	3
0	329.4	9	28	36	23	4
0	323.4	20	17	22	24	17
0	312.7	7	23	27	30	12
0	297.7	8	19	21	32	20
0	318.4	15	19	22	31	13
0	*	*	*	*	*	*
0	297.6	2	17	24	41	17
0	341.2	23	28	16	20	13
0	335.5	19	21	28	15	17
0	298.9	4	14	24	44	14
0	304.8	7	18	27	25	22
0	286.6	0	5	33	43	19
0	288.6	0	8	26	45	21
0	298.8	4	16	28	37	16
0	291.5	6	8	28	32	25
0	303.4	5	19	24	33	19
0	279.0	0	7	24	48	21
0	283.1	5	9	26	31	29
0	294.6	0	6	46	34	14
0	290.1	0	6	34	41	18
0	295.1	3	14	25	41	17
0	39.2	0	0	0	0	0
0	39.4	0	0	0	0	0
0	39.0	0	0	0	0	0
0	39.5	0	0	0	0	0
0	38.8	0	0	0	0	0
0	35.3	0	0	0	0	0
0	37.3	0	0	0	0	0
0	35.1	0	0	0	0	0
0	36.4	0	0	0	0	0
0	37.6	0	0	0	0	0
0	36.0	0	0	0	0	0
0	35.1	0	0	0	0	0
0	36.5	0	0	0	0	0
0	35.6	0	0	0	0	0
0	*	*	*	*	*	*
0	*	*	*	*	*	*
0	353.9	21	37	24	9	9
0	372.9	28	34	21	12	4
0	387.5	39	27	20	11	3
0	341.0	14	29	35	13	9
0	369.5	33	33	22	9	2
0	378.3	30	32	26	11	1
0	377.0	23	30	30	13	5
0	368.0	30	34	25	6	5
0	370.1	23	40	24	6	7
0	362.2	26	30	30	13	0
0	361.8	22	28	26	21	3
0	351.8	19	27	29	22	3
0	369.8	29	35	28	6	4
0	439.6	57	38	5	0	0
0	346.9	14	29	29	23	6
0	362.4	30	31	22	10	7
0	352.0	28	23	27	9	13
0	313.2	6	18	34	28	15
0	385.9	14	64	14	7	0
0	386.6	42	22	17	9	10
0	*	*	*	*	*	*
0	*	*	*	*	*	*
0	373.4	28	44	21	5	2
0	332.4	9	35	25	14	18
0	312.6	10	20	20	25	25
0	319.3	7	13	47	20	13
0	340.5	15	27	29	21	8
0	313.8	11	5	26	37	21
0	358.1	27	30	27	12	5
0	310.0	3	21	27	33	16
0	*	*	*	*	*	*
0	333.5	5	30	38	24	3
0	296.1	0	11	33	41	16
0	347.2	18	35	28	13	6
0	305.6	4	15	32	40	9
0	*	*	*	*	*	*
0	*	*	*	*	*	*
0	*	*	*	*	*	*
0	340.5	15	25	35	9	15
0	350.7	19	33	27	11	10
0	343.1	19	23	31	19	8
0	343.8	15	32	34	8	10
0	347.6	15	24	51	8	2
0	*	*	*	*	*	*
0	*	*	*	*	*	*
0	343.7	15	33	35	13	5
0	*	*	*	*	*	*
0	336.7	13	22	41	11	13
0	327.7	10	19	35	16	19
0	241.2	0	0	20	20	60
0	344.1	14	24	45	10	7
0	*	*	*	*	*	*
0	347.0	16	30	24	24	5
0	273.0	0	4	29	38	29
0	333.6	17	22	26	16	19
0	332.1	17	21	30	16	16
0	280.8	0	10	13	43	33
0	299.9	0	21	25	32	21
0	319.2	3	26	32	27	12
0	325.5	9	22	26	30	13
0	313.3	7	16	33	29	16
0	313.6	7	19	29	32	13
0	*	*	*	*	*	*
0	*	*	*	*	*	*
0	354.5	20	32	22	22	5
0	334.6	14	23	34	11	17
0	335.1	11	20	47	13	9
0	344.3	14	28	43	11	4
0	333.6	11	28	29	16	16
0	351.8	19	34	31	8	8
0	*	*	*	*	*	*
0	*	*	*	*	*	*
0	*	*	*	*	*	*
0	331.1	19	13	25	31	13
0	346.5	12	35	35	6	12
0	357.6	30	17	43	9	0
0	344.6	16	16	47	16	5
0	346.5	19	14	48	14	5
0	338.4	25	25	17	13	21
0	336.1	9	36	32	9	14
0	366.0	22	33	22	22	0
0	343.8	19	38	13	25	6
0	350.3	10	52	19	19	0
0	*	*	*	*	*	*
0	334.1	14	32	9	36	9
0	*	*	*	*	*	*
0	318.4	15	23	31	8	23
0	*	*	*	*	*	*
0	320.9	13	27	20	13	27
0	317.3	15	8	38	15	23
0	*	*	*	*	*	*
0	270.5	0	9	22	39	30
0	*	*	*	*	*	*
0	*	*	*	*	*	*
0	294.6	8	8	29	25	29
0	*	*	*	*	*	*
0	*	*	*	*	*	*
0	*	*	*	*	*	*
0	*	*	*	*	*	*
0	*	*	*	*	*	*
0	*	*	*	*	*	*
0	*	*	*	*	*	*
0	*	*	*	*	*	*
0	*	*	*	*	*	*
0	*	*	*	*	*	*
0	*	*	*	*	*	*
0	*	*	*	*	*	*
0	*	*	*	*	*	*
0	*	*	*	*	*	*
0	*	*	*	*	*	*
0	*	*	*	*	*	*
0	441.9	65	21	8	4	1
0	409.6	58	25	10	4	2
0	467.0	73	16	7	3	1
0	390.5	43	31	17	5	4
0	416.6	67	21	8	3	1
0	456.6	75	16	6	2	1
0	474.2	66	21	7	4	1
0	414.6	53	31	11	3	3
0	408.6	61	23	11	3	3
0	406.7	59	24	12	4	1
0	435.4	57	27	11	4	1
0	415.8	48	31	13	5	2
0	411.5	59	25	10	3	3
0	487.8	79	19	2	0	0
0	409.9	40	35	16	7	2
0	415.7	62	20	12	3	4
0	412.4	65	20	11	3	2
0	461.5	73	23	3	0	0
0	343.7	17	25	28	23	7
0	508.5	89	11	0	0	0
0	480.1	78	12	6	2	2
0	*	*	*	*	*	*
0	383.2	40	43	15	1	2
0	377.4	36	32	26	6	0
0	426.0	59	24	13	1	4
0	439.2	61	26	11	2	1
0	300.0	2	20	26	25	28
0	378.3	30	35	22	11	2
0	449.4	61	34	5	0	0
0	352.9	18	33	35	9	5
0	413.4	65	24	9	2	1
0	409.2	61	20	11	4	3
0	346.2	15	29	26	22	7
0	321.9	7	24	27	30	12
0	388.9	52	25	14	5	3
0	383.1	43	28	20	5	4
0	337.8	16	24	34	11	14
0	417.7	44	39	12	4	0
0	320.9	0	31	38	25	6
0	*	*	*	*	*	*
0	321.8	7	26	29	28	10
0	371.3	25	33	27	12	3
0	394.1	46	27	19	4	5
0	402.2	52	25	14	4	4
0	381.0	44	26	26	1	2
0	390.0	44	32	20	3	1
0	*	*	*	*	*	*
0	*	*	*	*	*	*
0	353.6	22	29	32	10	7
0	384.3	46	29	20	4	2
0	327.4	19	19	19	14	30
0	317.7	7	18	35	27	13
0	386.7	45	27	17	5	6
0	289.2	3	8	29	45	16
0	304.5	0	15	36	36	12
0	390.4	32	36	20	10	2
0	349.3	24	28	28	6	14
0	412.4	62	20	13	2	3
0	299.2	7	9	17	41	26
0	381.1	45	26	18	7	4
0	384.6	34	27	23	12	4
0	*	*	*	*	*	*
0	402.5	56	24	14	3	2
0	400.4	36	37	18	8	1
0	309.9	0	20	37	33	10
0	374.8	35	31	25	6	4
0	332.7	13	24	27	24	12
0	383.6	35	28	19	14	4
0	413.0	44	29	15	10	3
0	320.0	4	24	44	12	16
0	349.7	19	31	33	9	8
0	395.5	46	26	18	4	5
0	381.0	42	30	23	4	1
0	332.6	11	26	21	42	0
0	328.3	9	26	26	39	0
0	327.7	16	22	22	29	10
0	341.8	26	23	15	31	5
0	371.8	38	20	18	20	5
0	329.5	10	28	28	34	0
0	338.1	13	31	33	20	2
0	321.5	16	26	19	21	19
0	354.6	13	32	29	24	3
0	317.9	22	6	19	28	25
0	320.4	20	15	13	41	11
0	*	*	*	*	*	*
0	301.1	12	19	23	12	35
0	334.5	19	29	19	19	14
0	324.0	7	24	34	31	3
0	*	*	*	*	*	*
0	335.3	19	19	19	31	13
0	*	*	*	*	*	*
0	311.3	0	35	27	19	19
0	300.8	0	17	25	58	0
0	317.8	11	11	32	37	11
0	*	*	*	*	*	*
0	284.5	0	13	27	27	33
0	*	*	*	*	*	*
0	317.9	9	25	19	28	19
0	295.3	0	13	20	67	0
0	39.6	0	0	0	0	0
0	35.2	0	0	0	0	0
0	38.7	0	0	0	0	0
0	36.7	0	0	0	0	0
0	38.9	0	0	0	0	0
0	36.6	0	0	0	0	0
0	36.5	0	0	0	0	0
0	36.4	0	0	0	0	0
0	34.4	0	0	0	0	0
0	37.1	0	0	0	0	0
0	*	*	*	*	*	*
0	34.8	0	0	0	0	0
0	35.0	0	0	0	0	0
0	35.9	0	0	0	0	0
0	*	*	*	*	*	*
0	*	*	*	*	*	*
0	*	*	*	*	*	*
0	*	*	*	*	*	*
0	*	*	*	*	*	*
0	*	*	*	*	*	*
0	*	*	*	*	*	*
0	*	*	*	*	*	*
0	399.3	52	29	13	3	2
0	421.4	54	28	12	6	1
0	440.8	64	23	10	3	1
0	379.2	33	35	24	5	3
0	399.6	58	26	13	2	1
0	424.0	59	25	11	3	1
0	436.4	50	33	11	4	1
0	394.5	36	43	16	3	1
0	390.1	47	34	16	2	1
0	390.2	49	32	15	4	0
0	400.6	38	38	17	6	1
0	395.6	37	37	19	7	1
0	391.3	43	38	14	5	1
0	437.5	58	33	6	2	0
0	384.2	28	39	19	11	2
0	388.0	46	26	19	5	4
0	340.3	9	32	35	17	6
0	392.0	51	28	14	5	1
0	419.6	50	38	10	2	0
0	438.8	65	19	11	4	2
0	365.9	24	48	19	5	5
0	*	*	*	*	*	*
0	391.0	48	35	15	2	1
0	352.7	17	33	38	9	3
0	360.9	16	39	30	13	2
0	*	*	*	*	*	*
0	389.3	46	31	17	5	1
0	319.4	4	22	40	26	8
0	422.6	53	29	12	4	1
0	338.9	8	34	30	20	8
0	397.7	46	34	16	2	3
0	360.5	24	34	30	9	2
0	359.1	21	38	32	5	5
0	381.0	34	33	25	5	4
0	312.1	0	23	32	35	11
0	361.8	19	36	30	12	4
0	377.5	42	32	20	5	2
0	392.9	31	43	20	6	0
0	310.5	0	32	16	40	12
0	*	*	*	*	*	*
0	310.4	3	17	39	35	7
0	346.1	18	30	36	5	11
0	377.7	38	32	23	5	2
0	*	*	*	*	*	*
0	390.2	43	32	19	3	2
0	360.4	22	37	33	5	2
0	343.4	15	30	35	13	7
0	*	*	*	*	*	*
0	389.5	49	28	15	5	4
0	353.1	20	31	37	4	7
0	293.7	1	10	33	44	12
0	*	*	*	*	*	*
0	305.1	0	24	39	18	18
0	345.9	11	33	34	19	3
0	368.1	31	34	25	6	3
0	311.2	3	17	35	30	15
0	370.7	31	34	24	5	6
0	292.0	0	12	17	56	15
0	366.1	43	23	13	3	17
0	362.2	30	28	34	6	2
0	361.2	27	32	32	8	2
0	349.5	16	29	30	17	7
0	337.4	9	31	36	19	6
0	347.0	15	30	30	21	4
0	369.8	23	35	22	15	4
0	307.2	0	27	30	27	16
0	*	*	*	*	*	*
0	385.3	44	32	18	3	2
0	351.5	14	34	32	17	3
0	351.5	18	34	34	9	5
0	351.8	18	32	38	8	5
0	383.3	36	33	23	5	4
0	348.4	12	35	41	0	12
0	357.2	7	56	22	15	0
0	345.2	4	44	32	20	0
0	333.2	15	27	19	38	0
0	343.9	16	35	16	29	3
0	376.5	29	37	20	14	0
0	362.2	27	32	30	11	0
0	353.9	24	21	39	11	5
0	340.1	19	24	24	19	14
0	331.3	13	28	25	25	10
0	335.0	14	33	14	17	21
0	354.5	33	21	26	14	7
0	285.7	0	25	25	17	33
0	323.6	13	19	34	19	16
0	303.6	14	16	16	43	11
0	334.7	21	21	26	16	16
0	*	*	*	*	*	*
0	*	*	*	*	*	*
0	*	*	*	*	*	*
0	*	*	*	*	*	*
0	308.6	10	5	30	45	10
0	320.0	14	18	32	23	14
0	*	*	*	*	*	*
0	*	*	*	*	*	*
0	290.3	0	9	27	45	18
0	309.6	0	25	25	42	8
0	324.3	14	20	37	17	11
0	33.2	0	0	0	0	0
0	*	*	*	*	*	*
0	34.3	0	0	0	0	0
0	35.7	0	0	0	0	0
0	33.6	0	0	0	0	0
0	33.0	0	0	0	0	0
0	36.5	0	0	0	0	0
0	35.1	0	0	0	0	0
0	34.6	0	0	0	0	0
0	37.4	0	0	0	0	0
0	34.7	0	0	0	0	0
0	38.6	0	0	0	0	0
0	37.2	0	0	0	0	0
0	36.9	0	0	0	0	0
0	*	*	*	*	*	*
0	*	*	*	*	*	*
0	*	*	*	*	*	*
0	*	*	*	*	*	*
0	*	*	*	*	*	*
0	*	*	*	*	*	*
0	*	*	*	*	*	*
0	*	*	*	*	*	*
0	365.6	27	31	23	14	6
0	345.9	19	30	26	15	10
0	332.4	11	27	33	16	12
0	383.1	35	29	21	13	3
0	378.7	34	30	23	12	2
0	361.5	28	31	27	10	3
0	355.8	23	34	30	9	5
0	376.5	25	33	23	15	4
0	353.1	16	35	31	10	7
0	354.6	17	32	29	17	5
0	353.8	22	31	31	12	3
0	354.6	20	36	29	11	5
0	405.2	37	44	14	5	1
0	350.4	16	32	29	19	5
0	376.1	36	25	20	10	9
0	*	*	*	*	*	*
0	389.2	29	47	20	4	0
0	318.8	5	23	33	27	12
0	*	*	*	*	*	*
0	344.0	12	32	26	24	6
0	342.7	20	24	31	12	14
0	354.3	25	29	29	11	6
0	351.6	21	31	30	12	6
0	316.1	4	22	28	33	13
0	355.2	21	31	24	16	9
0	293.8	1	10	28	38	22
0	327.8	7	27	33	26	6
0	267.8	0	5	9	45	41
0	*	*	*	*	*	*
0	356.2	23	32	33	8	4
0	*	*	*	*	*	*
0	324.9	3	24	52	12	9
0	306.4	2	16	31	21	30
0	324.7	6	21	41	16	16
0	322.6	6	17	45	21	11
0	349.3	22	28	27	8	16
0	333.3	15	23	32	11	20
0	340.5	13	26	42	14	5
0	329.5	9	23	39	13	15
0	338.0	11	29	39	13	8
0	314.4	1	15	48	20	15
0	340.6	17	26	31	14	12
0	*	*	*	*	*	*
0	*	*	*	*	*	*
0	333.7	12	23	39	14	12
0	355.6	16	33	32	17	3
0	294.8	0	10	32	41	16
0	295.1	1	11	31	42	14
0	332.0	9	27	31	23	10
0	293.5	1	11	25	42	20
0	335.8	15	26	33	16	9
0	284.6	1	8	20	46	26
0	331.4	14	24	32	16	13
0	300.5	2	14	31	32	21
0	330.4	16	22	29	13	20
0	279.3	0	6	23	49	21
0	289.8	0	10	27	44	20
0	325.7	7	26	31	28	7
0	337.0	17	22	34	13	14
0	283.5	0	5	35	20	40
0	304.4	0	5	53	26	16
0	308.1	1	13	46	16	23
0	316.8	6	17	37	22	19
0	326.5	8	22	40	14	16
0	345.8	17	28	37	12	6
0	287.6	6	12	24	11	47
0	333.2	15	23	31	11	20
0	336.2	12	24	40	16	8
0	342.2	17	26	36	12	10
0	326.2	8	22	40	15	16
0	325.3	8	22	38	18	14
0	315.5	2	18	48	16	16
0	304.3	0	4	52	26	17
0	289.6	0	10	27	43	20
0	275.9	0	4	27	19	50
0	329.0	8	27	32	27	7
0	312.5	4	19	32	30	15
0	306.1	4	17	30	37	13
0	324.2	8	24	26	31	12
0	316.9	6	20	31	27	16
0	322.1	4	28	31	33	4
0	305.5	7	15	27	43	8
0	331.0	18	22	24	24	12
0	334.2	14	26	23	31	6
0	354.4	19	33	23	23	3
0	329.3	15	20	32	30	3
0	337.9	12	28	39	18	3
0	328.4	12	27	24	28	9
0	323.7	17	20	22	27	15
0	323.7	19	18	21	30	13
0	308.7	8	22	23	29	19
0	337.0	13	29	31	18	9
0	335.0	20	24	22	23	12
0	308.2	7	19	23	34	17
0	306.9	7	19	26	32	17
0	295.5	2	10	27	47	14
0	308.7	8	18	26	31	17
0	298.6	2	13	30	38	18
0	304.9	8	15	27	33	17
0	302.6	5	17	28	33	16
0	312.2	6	22	29	29	14
0	289.2	3	13	25	37	23
0	298.9	3	15	29	37	16
0	303.3	3	14	27	42	14
0	300.0	2	13	28	41	16
0	304.9	6	17	26	34	17
0	36.4	0	0	0	0	0
0	36.9	0	0	0	0	0
0	36.4	0	0	0	0	0
0	36.2	0	0	0	0	0
0	39.9	0	0	0	0	0
0	39.4	0	0	0	0	0
0	40.7	0	0	0	0	0
0	39.2	0	0	0	0	0
0	39.3	0	0	0	0	0
0	36.0	0	0	0	0	0
0	38.8	0	0	0	0	0
0	37.4	0	0	0	0	0
0	37.1	0	0	0	0	0
0	38.0	0	0	0	0	0
0	348.0	26	25	28	18	3
0	373.4	27	32	25	15	1
0	379.9	28	37	20	13	1
0	354.0	25	29	28	16	3
0	349.5	28	25	26	15	6
0	385.1	35	30	18	16	1
0	389.2	38	23	18	13	8
0	348.3	26	23	25	12	15
0	357.5	26	28	26	11	8
0	363.9	31	23	21	12	13
0	339.8	15	24	31	17	13
0	343.5	15	33	28	17	6
0	371.2	29	37	22	8	4
0	390.2	39	28	19	11	3
0	389.8	41	28	16	13	3
0	344.8	17	28	31	14	9
0	372.3	33	34	24	7	2
0	387.7	42	28	18	9	2
0	399.6	30	41	16	10	2
0	369.1	22	38	31	6	3
0	372.1	34	35	24	5	2
0	372.6	38	30	18	11	2
0	373.6	25	36	23	13	3
0	360.5	17	35	33	13	2
0	366.6	25	38	26	10	2
0	430.5	71	6	12	12	0
0	353.4	15	33	26	19	7
0	363.4	28	32	25	5	10
0	335.5	9	30	34	20	7
0	371.7	34	32	25	6	3
0	417.9	50	50	0	0	0
0	404.2	52	22	14	7	5
0	*	*	*	*	*	*
0	327.6	4	24	44	13	15
0	335.1	17	26	28	11	19
0	339.2	12	21	53	9	6
0	339.2	14	29	29	18	10
0	365.7	30	31	30	5	5
0	361.8	27	31	27	11	4
0	297.3	0	17	22	44	17
0	395.0	45	18	18	9	9
0	326.8	7	28	28	25	12
0	300.2	0	22	20	42	16
0	333.4	8	31	33	18	10
0	350.5	24	31	27	10	8
0	340.2	15	27	39	10	9
0	*	*	*	*	*	*
0	304.2	3	16	32	36	13
0	334.9	12	24	53	6	6
0	349.8	17	33	29	10	11
0	342.2	22	11	56	6	6
0	352.7	15	39	32	12	2
0	353.7	24	28	30	10	8
0	*	*	*	*	*	*
0	327.1	9	23	35	15	18
0	317.5	0	26	48	9	17
0	306.3	10	30	10	20	30
0	342.1	15	27	37	12	10
0	282.5	0	7	25	57	11
0	329.8	5	31	34	26	4
0	*	*	*	*	*	*
0	349.3	29	17	29	15	10
0	342.8	17	34	27	13	9
0	308.7	3	15	36	27	19
0	340.9	18	27	31	9	15
0	304.2	6	13	31	25	25
0	324.2	7	22	34	22	15
0	326.2	7	27	31	26	9
0	316.9	9	20	28	33	11
0	340.3	13	29	26	23	10
0	327.9	6	22	47	11	14
0	351.1	23	27	34	9	8
0	*	*	*	*	*	*
0	334.1	8	31	31	26	3
0	339.7	13	24	46	10	8
0	336.7	12	28	34	14	12
0	*	*	*	*	*	*
0	345.7	16	32	28	11	13
0	*	*	*	*	*	*
0	*	*	*	*	*	*
0	*	*	*	*	*	*
0	*	*	*	*	*	*
0	294.1	7	14	29	36	14
0	332.1	17	17	17	50	0
0	298.0	0	33	8	42	17
0	*	*	*	*	*	*
0	320.0	15	15	31	15	23
0	318.6	13	13	27	47	0
0	299.9	0	28	39	11	22
0	*	*	*	*	*	*
0	349.2	32	16	21	21	11
0	359.7	28	17	33	17	6
0	*	*	*	*	*	*
0	*	*	*	*	*	*
0	*	*	*	*	*	*
0	*	*	*	*	*	*
0	*	*	*	*	*	*
0	*	*	*	*	*	*
0	*	*	*	*	*	*
0	*	*	*	*	*	*
0	*	*	*	*	*	*
0	330.1	15	15	38	23	8
0	*	*	*	*	*	*
0	*	*	*	*	*	*
0	*	*	*	*	*	*
0	*	*	*	*	*	*
0	*	*	*	*	*	*
0	*	*	*	*	*	*
0	*	*	*	*	*	*
0	*	*	*	*	*	*
0	*	*	*	*	*	*
0	*	*	*	*	*	*
0	*	*	*	*	*	*
0	*	*	*	*	*	*
0	*	*	*	*	*	*
0	*	*	*	*	*	*
0	417.6	52	29	11	5	2
0	391.8	47	31	13	5	4
0	381.7	35	37	20	5	3
0	434.5	59	25	11	4	1
0	420.8	58	25	12	5	1
0	405.3	62	24	11	2	1
0	397.3	54	29	13	2	2
0	425.6	46	32	14	6	2
0	403.7	44	38	13	3	2
0	397.6	37	37	18	7	2
0	395.2	53	28	14	4	1
0	399.9	52	31	12	4	2
0	391.4	34	37	19	8	2
0	445.2	60	32	6	1	0
0	378.7	26	37	21	13	3
0	389.5	47	26	17	5	5
0	338.3	11	31	30	18	9
0	537.4	100	0	0	0	0
0	444.0	66	18	9	3	3
0	436.6	60	33	7	0	0
0	*	*	*	*	*	*
0	396.8	55	25	14	4	2
0	*	*	*	*	*	*
0	391.9	50	30	15	3	2
0	356.9	19	37	35	4	5
0	354.8	21	34	29	7	8
0	330.7	4	26	55	9	7
0	377.8	39	27	21	5	9
0	371.3	20	43	26	9	1
0	425.2	53	37	5	3	3
0	*	*	*	*	*	*
0	404.1	41	38	15	6	1
0	314.0	5	20	29	28	17
0	391.6	50	28	15	5	3
0	336.0	9	31	28	23	9
0	358.8	25	29	35	8	3
0	367.2	28	36	30	3	2
0	296.6	1	13	27	40	20
0	372.7	40	31	18	7	5
0	353.3	16	32	32	15	5
0	*	*	*	*	*	*
0	402.5	34	45	16	4	1
0	314.9	3	23	35	31	8
0	372.9	33	31	23	5	9
0	313.6	2	20	40	15	24
0	383.0	40	30	18	5	5
0	352.9	22	31	29	8	10
0	366.1	26	38	28	6	3
0	364.2	30	30	25	7	7
0	315.9	2	14	48	29	7
0	298.4	1	14	28	44	13
0	385.4	45	28	18	6	4
0	346.9	18	28	35	11	8
0	347.1	20	30	28	9	12
0	*	*	*	*	*	*
0	327.7	2	31	48	7	12
0	306.3	16	15	18	9	42
0	*	*	*	*	*	*
0	284.7	1	9	26	44	20
0	359.4	18	35	28	17	3
0	305.8	3	14	23	49	11
0	305.5	3	16	32	31	18
0	370.4	35	29	21	7	9
0	289.8	2	11	19	41	27
0	369.3	37	29	21	7	7
0	368.5	32	34	27	6	3
0	340.8	14	26	30	20	10
0	346.2	15	31	28	21	6
0	359.4	20	31	23	19	7
0	366.9	21	36	26	15	3
0	333.2	10	29	30	20	11
0	365.3	29	33	30	6	3
0	*	*	*	*	*	*
0	372.2	33	30	22	5	10
0	358.0	22	34	31	8	5
0	326.5	3	27	50	9	11
0	*	*	*	*	*	*
0	381.3	42	30	19	5	4
0	351.8	21	32	29	8	10
0	301.4	1	14	32	41	12
0	305.8	3	16	22	46	14
0	332.9	11	29	25	32	4
0	329.6	14	26	26	30	4
0	344.6	18	25	23	28	6
0	361.2	31	26	21	16	6
0	354.6	20	28	27	21	4
0	351.8	26	21	29	21	2
0	360.8	25	33	26	15	1
0	327.9	13	27	21	27	12
0	350.1	29	21	19	20	11
0	344.5	24	23	22	20	11
0	*	*	*	*	*	*
0	311.5	9	23	21	26	21
0	350.8	22	28	28	15	7
0	310.6	1	16	48	29	6
0	334.0	22	21	20	24	13
0	317.0	12	22	21	25	19
0	*	*	*	*	*	*
0	304.7	6	16	29	32	17
0	284.5	2	11	24	42	21
0	324.8	11	21	31	25	12
0	305.8	6	14	31	33	16
0	308.3	10	17	24	29	21
0	303.6	4	9	40	33	14
0	299.8	8	15	29	27	22
0	305.0	6	16	27	35	16
0	303.8	5	11	34	35	15
0	298.7	4	14	30	35	17
0	34.7	0	0	0	0	0
0	34.1	0	0	0	0	0
0	35.0	0	0	0	0	0
0	35.7	0	0	0	0	0
0	37.3	0	0	0	0	0
0	38.9	0	0	0	0	0
0	37.6	0	0	0	0	0
0	38.6	0	0	0	0	0
0	38.0	0	0	0	0	0
0	39.6	0	0	0	0	0
0	34.6	0	0	0	0	0
0	35.6	0	0	0	0	0
0	34.9	0	0	0	0	0
0	37.5	0	0	0	0	0
0	353.4	21	21	50	7	0
0	381.8	43	21	29	7	0
0	*	*	*	*	*	*
0	*	*	*	*	*	*
0	*	*	*	*	*	*
0	*	*	*	*	*	*
